3 hexa 50 50 bubble
47 44 0.0163633 
46 14 0.0100725 
39 47 0.0470993 bus 
35 16 0.0152085 
38 26 0.0123932 
37 28 0.0209365 
34 20 0.0126546 
34 24 0.010435 
34 19 0.00868925 
44 41 0.0229161 bus 
40 48 0.0180597 
38 27 0.0125003 saab 
37 25 0.0181937 bus 
39 28 0.0218507 
47 48 0.0270492 
33 24 0.0135156 
41 9 0.0106201 
49 43 0.0129723 
42 22 0.0155889 
33 20 0.0123464 
36 28 0.0184622 
41 45 0.0114619 
36 28 0.0208178 
10 6 0.0196551 
42 24 0.00781067 
33 25 0.0191118 
36 26 0.0103285 
36 28 0.0155764 
47 40 0.0310489 saab 
13 0 0.0104556 
41 28 0.0211687 
37 40 0.0179315 
13 0 0.0171016 
43 39 0.0246746 opel 
47 40 0.033001 saab 
33 20 0.0186066 
13 2 0.0155191 
36 31 0.0197947 
42 41 0.0235033 opel 
41 28 0.0132478 
44 38 0.0186664 
39 31 0.0206409 
12 4 0.0163501 
23 0 0.0239666 saab 
1 41 0.0233418 
49 11 0.0229149 
41 24 0.0116386 bus 
42 22 0.0116398 
27 25 0.0345136 
48 38 0.0195849 
44 23 0.0248711 
39 26 0.0114099 
40 29 0.0142801 
13 2 0.0142073 
46 39 0.0167158 
0 40 0.0254724 bus 
13 3 0.0187329 
42 38 0.015158 
9 8 0.0169682 van 
10 8 0.0169771 
47 0 0.014985 
21 6 0.0175248 opel 
49 0 0.0144597 
41 29 0.0121564 
24 23 0.0248901 opel 
43 27 0.0154585 
23 37 0.0226631 
16 23 0.0191759 
4 13 0.0158903 
18 0 0.0242186 
49 7 0.0164887 saab 
8 18 0.0192681 
9 19 0.0141913 
43 39 0.023072 opel 
38 37 0.0325363 
37 43 0.0271151 opel 
41 31 0.0143622 
37 43 0.0263465 opel 
42 41 0.0257775 opel 
24 0 0.0327126 opel 
38 43 0.0333966 opel 
40 44 0.0274342 opel 
40 44 0.0252979 opel 
13 6 0.0136393 saab 
27 11 0.0212184 
42 41 0.025685 opel 
28 3 0.0233883 saab 
46 40 0.0142608 opel 
22 14 0.0162953 
20 1 0.0115675 
40 44 0.02471 opel 
32 0 0.018149 
23 6 0.0272014 opel 
25 3 0.0235734 saab 
31 7 0.0223204 
42 41 0.0154491 opel 
23 0 0.0345821 saab 
26 3 0.019922 
42 41 0.0171158 opel 
48 22 0.015556 
4 40 0.0136643 
9 6 0.0158818 
49 1 0.0189596 opel 
29 2 0.0211732 saab 
40 44 0.0280225 opel 
23 21 0.01919 
27 0 0.0312713 saab 
7 6 0.0164263 van 
3 41 0.0212186 
40 44 0.0382036 opel 
18 3 0.010187 saab 
45 22 0.0124279 
44 40 0.0303674 saab 
6 33 0.0259153 opel 
5 21 0.0112136 
47 41 0.0299139 
14 8 0.0111513 
1 39 0.0224801 
29 8 0.0235538 
42 41 0.0224811 opel 
40 44 0.0270605 opel 
16 35 0.0145633 
15 6 0.0144475 
44 41 0.0265168 bus 
43 33 0.0137127 
48 40 0.0258865 opel 
1 17 0.0218353 
6 23 0.0276005 opel 
11 4 0.020042 
43 38 0.0297444 
47 41 0.0277609 
37 43 0.0373424 opel 
0 8 0.0224131 van 
43 36 0.0313593 
40 44 0.0375764 opel 
29 6 0.0209401 
46 40 0.0236937 opel 
6 26 0.0183429 
19 3 0.0125466 
47 41 0.027289 
29 2 0.012007 saab 
27 0 0.0266577 saab 
21 31 0.0185242 
8 32 0.0160172 saab 
29 1 0.0255042 
28 15 0.0201987 
31 0 0.0131822 opel 
5 23 0.0141664 
46 39 0.0254468 
17 22 0.0184461 
5 22 0.0127889 
27 0 0.0269373 saab 
22 0 0.0284115 opel 
37 43 0.0357349 opel 
42 40 0.0146906 opel 
22 7 0.0125711 
22 19 0.0173171 
42 40 0.0251816 opel 
25 20 0.0167324 
28 1 0.0233678 
29 1 0.0220556 
4 40 0.0182052 
40 38 0.0249707 saab 
30 10 0.00886122 
8 32 0.00992582 saab 
15 6 0.0132096 
42 40 0.0165884 opel 
44 26 0.0139685 
30 7 0.00908249 opel 
20 0 0.0189234 saab 
31 2 0.0155303 
31 1 0.013332 opel 
25 18 0.0153919 
29 1 0.0144293 
29 2 0.0159297 saab 
14 21 0.0124004 
27 0 0.0252984 saab 
29 2 0.0230461 saab 
29 8 0.0258599 
19 1 0.0151847 
22 2 0.0125476 
25 1 0.0162611 opel 
6 27 0.0115796 
40 36 0.0243571 saab 
37 43 0.0314306 opel 
38 37 0.0267717 
15 21 0.0150465 
7 28 0.0174262 
42 32 0.00783014 
29 2 0.0270524 saab 
16 4 0.0177809 
40 42 0.026958 
29 6 0.0190426 
29 2 0.0241602 saab 
46 40 0.0166868 opel 
30 1 0.0177311 
4 29 0.0122353 
25 4 0.0194784 
13 7 0.0117235 
21 0 0.0276926 
42 41 0.0215078 opel 
19 0 0.026112 
29 2 0.0258116 saab 
28 1 0.0318898 
17 19 0.0176612 
26 19 0.0159414 
8 31 0.0216739 
1 14 0.0220123 
27 8 0.0185965 saab 
20 0 0.0173186 saab 
28 1 0.0266125 
0 20 0.021292 
46 33 0.0175094 
16 35 0.0160092 
29 5 0.0225746 
29 4 0.0173403 opel 
49 31 0.0171152 opel 
14 4 0.0176453 saab 
37 4 0.00992038 van 
7 46 0.104417 van 
38 0 0.0123149 van 
38 0 0.0141687 van 
5 4 0.0155962 
0 0 0.0281626 van 
7 46 0.103964 van 
0 7 0.0206617 van 
4 4 0.019886 van 
40 30 0.0278204 
8 6 0.0144161 
41 0 0.0139646 van 
0 1 0.022088 
41 31 0.0220611 
41 0 0.0185283 van 
43 27 0.01956 
1 12 0.0169093 
42 0 0.0097279 van 
43 3 0.0131371 
43 24 0.027244 
14 6 0.0209369 
43 27 0.0190663 
1 9 0.0144794 
37 0 0.0228394 
13 6 0.0135366 saab 
0 6 0.0231738 van 
4 5 0.0209827 saab 
42 29 0.0162176 
43 3 0.0138646 
10 6 0.017075 
14 6 0.0242015 
41 29 0.0194124 
43 5 0.0158138 
41 0 0.0179835 van 
2 49 0.144121 
2 13 0.0188227 van 
7 46 0.0414052 van 
2 12 0.023115 saab 
9 5 0.0180416 
42 32 0.017869 
45 2 0.00883858 
5 13 0.0133349 
38 0 0.017468 van 
42 0 0.0189372 van 
42 2 0.0207653 
44 2 0.0182305 
6 5 0.0100945 
11 4 0.014788 
41 31 0.0215333 
41 31 0.0181145 
44 21 0.0172558 
0 2 0.0209153 van 
3 4 0.0269693 
49 15 0.0123603 van 
11 6 0.0138279 bus 
