3 hexa 30 20 bubble
19 14 0.0109675 bus 
22 6 0.0119014 saab 
19 15 0.0141848 bus 
22 7 0.0107252 van 
4 15 0.0410441 bus 
9 11 0.0190046 bus 
17 13 0.0185582 bus 
1 19 0.0265356 bus 
14 14 0.0156871 saab 
5 19 0.0241451 opel 
18 14 0.012996 bus 
4 14 0.0170624 bus 
22 9 0.00978572 bus 
11 6 0.0170503 bus 
7 16 0.0251262 saab 
8 12 0.0187509 bus 
17 7 0.0163 bus 
9 13 0.0185872 bus 
13 5 0.0168503 bus 
5 17 0.0189107 bus 
21 16 0.0174954 bus 
23 10 0.0103001 van 
17 7 0.01785 bus 
11 5 0.0173977 bus 
11 5 0.0151201 bus 
8 18 0.0199566 bus 
18 16 0.00836065 bus 
10 17 0.0256728 bus 
17 15 0.0123295 bus 
22 8 0.0104536 bus 
15 14 0.0164847 bus 
12 8 0.0185034 bus 
15 8 0.0169934 bus 
19 17 0.0117323 bus 
16 15 0.0133698 van 
11 13 0.0233412 bus 
20 10 0.0181878 bus 
7 19 0.0192247 opel 
20 8 0.0114049 bus 
16 9 0.0111642 bus 
18 16 0.00952084 bus 
13 6 0.0169145 bus 
14 3 0.015982 bus 
12 19 0.015548 opel 
10 19 0.0124964 saab 
14 19 0.020924 saab 
10 18 0.0208567 bus 
22 10 0.0156822 van 
15 7 0.0147008 bus 
14 8 0.0148438 bus 
11 18 0.0165103 bus 
23 9 0.0107348 saab 
14 10 0.0138679 saab 
13 11 0.017745 bus 
18 7 0.0177409 van 
11 14 0.0162477 bus 
13 19 0.0216761 bus 
17 16 0.0180072 bus 
13 18 0.0203884 bus 
11 19 0.0255151 opel 
16 19 0.0112618 bus 
16 19 0.0224998 bus 
14 19 0.0237345 saab 
12 19 0.0116372 opel 
14 11 0.0183311 bus 
19 9 0.0196975 bus 
15 18 0.0205692 bus 
14 8 0.0151445 bus 
17 9 0.017129 bus 
15 11 0.0168497 bus 
20 12 0.0171342 opel 
16 19 0.0217475 bus 
18 12 0.0243053 bus 
29 13 0.0215555 van 
27 2 0.0237392 opel 
29 19 0.0401439 van 
29 17 0.0255375 van 
29 17 0.0175056 van 
29 19 0.0206197 van 
29 13 0.0226285 van 
29 13 0.0174371 van 
29 19 0.0209841 van 
29 9 0.0188906 van 
26 4 0.0153669 bus 
29 14 0.0203581 opel 
19 19 0.0323446 opel 
29 19 0.0322069 van 
27 11 0.0163066 opel 
24 4 0.0238185 saab 
29 14 0.0209674 opel 
25 6 0.0167321 opel 
29 13 0.0234746 van 
28 13 0.0135645 opel 
21 4 0.0146645 opel 
18 18 0.0343899 opel 
28 7 0.0189832 opel 
25 9 0.0168204 opel 
27 16 0.0139018 opel 
27 10 0.0177107 saab 
21 4 0.0331954 opel 
13 16 0.0244352 opel 
22 19 0.0230374 van 
26 19 0.019745 opel 
16 17 0.0335085 opel 
7 0 0.0288428 opel 
22 17 0.024179 opel 
13 16 0.0247511 opel 
11 15 0.0234944 opel 
21 5 0.0180683 opel 
16 0 0.0168032 opel 
6 5 0.0190939 opel 
6 8 0.0204274 saab 
6 0 0.0340557 saab 
27 6 0.0301723 saab 
18 18 0.021126 opel 
23 5 0.0146731 van 
17 1 0.0160633 opel 
4 5 0.0296814 saab 
7 16 0.0187107 saab 
6 0 0.0283246 saab 
10 0 0.0284534 opel 
7 2 0.0103643 opel 
6 9 0.021594 opel 
7 0 0.0363164 opel 
6 1 0.0248106 opel 
5 0 0.0177575 opel 
20 16 0.0177579 opel 
13 3 0.015372 opel 
8 0 0.0209491 opel 
26 19 0.0230595 opel 
7 10 0.0214813 saab 
6 13 0.0239196 opel 
6 1 0.0157207 opel 
6 2 0.0154205 saab 
2 4 0.0202092 opel 
10 16 0.0321459 opel 
4 11 0.0232865 opel 
7 0 0.0400183 opel 
7 2 0.0190667 opel 
6 5 0.0179728 opel 
4 3 0.0387764 opel 
2 5 0.0208822 opel 
5 1 0.0147365 opel 
3 5 0.0158769 saab 
11 1 0.0125722 saab 
5 2 0.0224013 saab 
4 6 0.0136179 saab 
23 9 0.0160525 saab 
12 4 0.0192097 saab 
3 5 0.028083 saab 
1 6 0.0268135 saab 
26 19 0.0253414 opel 
4 5 0.0308617 saab 
1 11 0.0115659 saab 
0 9 0.0276278 saab 
14 4 0.0178018 saab 
3 7 0.0194993 saab 
4 9 0.0261347 saab 
0 12 0.0138616 saab 
11 6 0.0154 bus 
6 16 0.0250955 saab 
17 19 0.0184025 saab 
4 10 0.0146331 saab 
1 6 0.0189959 saab 
13 18 0.0193145 bus 
0 17 0.0184776 saab 
4 7 0.0127404 saab 
0 7 0.00978411 saab 
0 7 0.0142823 saab 
3 19 0.0113029 saab 
14 19 0.0143759 saab 
9 18 0.0153414 saab 
7 7 0.0140562 saab 
3 5 0.0235025 saab 
21 19 0.0253822 saab 
10 19 0.0134809 saab 
1 13 0.0185791 saab 
25 15 0.0216391 van 
1 14 0.0150567 opel 
22 13 0.0118631 saab 
10 19 0.0155154 saab 
8 15 0.025635 opel 
4 6 0.0276305 saab 
5 12 0.0243631 saab 
6 8 0.0180466 saab 
0 7 0.0239373 saab 
9 9 0.0213143 saab 
7 9 0.011336 saab 
4 19 0.0129726 saab 
7 18 0.0159482 saab 
17 19 0.0165644 saab 
7 5 0.0235345 saab 
5 15 0.0275468 saab 
10 7 0.0137706 saab 
3 6 0.0283082 saab 
23 19 0.0149294 van 
17 7 0.0195049 bus 
0 10 0.0173694 opel 
14 10 0.0156198 saab 
21 19 0.025136 saab 
0 12 0.0193381 saab 
16 5 0.0196104 saab 
9 11 0.0180129 bus 
0 15 0.0195389 saab 
5 19 0.0209981 opel 
14 19 0.0260833 saab 
7 10 0.0292833 saab 
14 19 0.023555 saab 
16 13 0.0226619 saab 
23 12 0.0184233 saab 
12 9 0.0189472 saab 
12 12 0.0212205 saab 
9 19 0.018591 saab 
16 19 0.0197583 bus 
1 19 0.0232947 bus 
29 13 0.0200285 van 
29 11 0.0174949 saab 
29 17 0.0168072 van 
29 19 0.0271671 van 
29 10 0.0196988 saab 
29 13 0.0155626 van 
29 17 0.0227118 van 
29 19 0.0191456 van 
29 19 0.022192 van 
29 9 0.0211788 van 
29 13 0.0196998 van 
29 19 0.0290472 van 
29 13 0.024933 van 
29 13 0.0245321 van 
29 19 0.0272157 van 
29 13 0.0210375 van 
29 17 0.0200597 van 
28 9 0.0160155 van 
29 19 0.0200348 van 
29 11 0.0242601 saab 
29 19 0.0226233 van 
29 14 0.0233915 opel 
29 8 0.0156054 van 
29 17 0.0159656 van 
28 11 0.0181438 van 
28 8 0.022603 van 
29 11 0.0256245 saab 
29 19 0.0228569 van 
27 13 0.0185326 van 
29 14 0.0125531 opel 
26 10 0.0186502 van 
26 15 0.0214517 van 
26 11 0.0250385 van 
28 16 0.0199844 saab 
29 19 0.0144695 van 
27 14 0.0196484 van 
29 19 0.0262735 van 
26 18 0.0228106 saab 
29 19 0.0133076 van 
22 0 0.0227229 van 
23 0 0.0164767 van 
19 0 0.0159174 van 
22 0 0.0119943 van 
21 0 0.0208495 van 
25 12 0.0167292 van 
22 0 0.0179078 van 
27 13 0.020522 van 
20 0 0.0114006 van 
22 0 0.0118632 van 
19 0 0.00876422 van 
20 0 0.0177605 van 
20 0 0.0176282 van 
17 10 0.0822192 bus 
20 0 0.0153049 van 
20 0 0.0184614 van 
20 0 0.0124009 van 
24 19 0.0167646 van 
21 0 0.0171147 van 
20 0 0.0141282 van 
22 1 0.0121771 van 
23 0 0.0166678 van 
21 0 0.0164568 van 
19 0 0.0124649 van 
22 19 0.0203121 van 
20 0 0.0175979 van 
20 2 0.0124046 van 
