3 hexa 10 1 bubble
9 0 0.303629 opel 
1 0 0.0405563 opel 
1 0 0.0375752 opel 
2 0 0.0535675 bus 
9 0 0.331942 opel 
1 0 0.0363072 opel 
1 0 0.0363154 opel 
1 0 0.0393302 opel 
1 0 0.0328678 opel 
1 0 0.0347328 opel 
2 0 0.044098 bus 
2 0 0.0365143 bus 
9 0 0.261537 opel 
1 0 0.0377306 opel 
9 0 0.228494 opel 
1 0 0.0324502 opel 
2 0 0.04235 bus 
2 0 0.0427827 bus 
2 0 0.0420241 bus 
2 0 0.0398808 bus 
1 0 0.0389586 opel 
1 0 0.0436934 opel 
1 0 0.0357098 opel 
1 0 0.0349093 opel 
3 0 0.11715 van 
9 0 0.294742 opel 
2 0 0.0414603 bus 
9 0 0.26237 opel 
9 0 0.228896 opel 
2 0 0.0431585 bus 
2 0 0.0443893 bus 
9 0 0.206658 opel 
9 0 0.318544 opel 
2 0 0.0466218 bus 
2 0 0.0313424 bus 
2 0 0.0354243 bus 
2 0 0.0333914 bus 
2 0 0.0354902 bus 
2 0 0.042108 bus 
2 0 0.043461 bus 
9 0 0.264744 opel 
2 0 0.0314526 bus 
2 0 0.0372949 bus 
9 0 0.352279 opel 
9 0 0.287934 opel 
2 0 0.0362019 bus 
2 0 0.0335533 bus 
2 0 0.0338797 bus 
9 0 0.198564 opel 
2 0 0.0392645 bus 
2 0 0.031416 bus 
9 0 0.286599 opel 
2 0 0.0416224 bus 
2 0 0.0356948 bus 
2 0 0.0299366 bus 
2 0 0.0441518 bus 
9 0 0.182482 opel 
2 0 0.02602 bus 
9 0 0.0772751 opel 
9 0 0.191765 opel 
9 0 0.324406 opel 
9 0 0.155314 opel 
9 0 0.305343 opel 
2 0 0.0311424 bus 
2 0 0.0385619 bus 
2 0 0.03714 bus 
9 0 0.17661 opel 
2 0 0.0442824 bus 
3 0 0.143617 van 
2 0 0.0269348 bus 
2 0 0.0325223 bus 
2 0 0.0336505 bus 
7 0 0.0608289 saab 
9 0 0.0659774 opel 
4 0 0.0251345 bus 
5 0 0.0409847 saab 
9 0 0.0599852 opel 
8 0 0.0275929 saab 
6 0 0.0347214 saab 
9 0 0.0634943 opel 
6 0 0.0457883 saab 
6 0 0.0357922 saab 
8 0 0.0354883 saab 
0 0 0.0425184 van 
5 0 0.0512601 saab 
8 0 0.0278919 saab 
4 0 0.0285776 bus 
7 0 0.0399755 saab 
9 0 0.0359568 opel 
6 0 0.0203176 saab 
7 0 0.0194564 saab 
8 0 0.0310542 saab 
9 0 0.0290291 opel 
9 0 0.061681 opel 
8 0 0.0347213 saab 
5 0 0.0303037 saab 
9 0 0.0627207 opel 
0 0 0.0766086 van 
1 0 0.0436944 opel 
8 0 0.0354 saab 
7 0 0.0353579 saab 
7 0 0.0483117 saab 
7 0 0.0344554 saab 
0 0 0.0455024 van 
5 0 0.0391721 saab 
9 0 0.0484564 opel 
6 0 0.0520474 saab 
7 0 0.0398165 saab 
1 0 0.0391595 opel 
6 0 0.0271449 saab 
2 0 0.0233191 bus 
0 0 0.0449378 van 
9 0 0.0344393 opel 
7 0 0.028467 saab 
2 0 0.0462359 bus 
6 0 0.0313323 saab 
7 0 0.0377697 saab 
4 0 0.0267806 bus 
4 0 0.0440704 bus 
6 0 0.0583391 saab 
6 0 0.0447962 saab 
7 0 0.0228698 saab 
4 0 0.0476968 bus 
7 0 0.0502801 saab 
3 0 0.0493849 van 
6 0 0.022768 saab 
9 0 0.0478279 opel 
7 0 0.0319654 saab 
7 0 0.0490075 saab 
4 0 0.0446538 bus 
0 0 0.0287215 van 
5 0 0.0466075 saab 
6 0 0.0404897 saab 
0 0 0.0633954 van 
3 0 0.0297834 van 
4 0 0.026253 bus 
5 0 0.0574044 saab 
6 0 0.0321605 saab 
0 0 0.040425 van 
2 0 0.0551471 bus 
0 0 0.0504758 van 
2 0 0.037796 bus 
4 0 0.0601534 bus 
0 0 0.044458 van 
0 0 0.0617944 van 
0 0 0.120293 van 
0 0 0.0328386 van 
1 0 0.030625 opel 
0 0 0.0335188 van 
0 0 0.0546815 van 
0 0 0.0351083 van 
0 0 0.0715886 van 
0 0 0.0800972 van 
1 0 0.0292281 opel 
0 0 0.0337238 van 
2 0 0.0285949 bus 
0 0 0.038062 van 
2 0 0.0218979 bus 
0 0 0.0354584 van 
0 0 0.112625 van 
1 0 0.0322749 opel 
0 0 0.0214222 van 
0 0 0.0250271 van 
2 0 0.0262094 bus 
0 0 0.043834 van 
2 0 0.0241154 bus 
0 0 0.0631448 van 
1 0 0.0297969 opel 
1 0 0.0215404 opel 
0 0 0.0187695 van 
0 0 0.100698 van 
1 0 0.0221956 opel 
0 0 0.103151 van 
0 0 0.0101163 van 
1 0 0.0188176 opel 
2 0 0.0310084 bus 
4 0 0.0244956 bus 
0 0 0.0316717 van 
2 0 0.0197532 bus 
4 0 0.0297727 bus 
0 0 0.0506494 van 
3 0 0.0374028 van 
4 0 0.0249547 bus 
2 0 0.0218828 bus 
4 0 0.0259161 bus 
3 0 0.0190552 van 
5 0 0.030736 saab 
2 0 0.0220894 bus 
9 0 0.0224347 opel 
9 0 0.0249486 opel 
3 0 0.0419612 van 
0 0 0.0824249 van 
0 0 0.0283867 van 
5 0 0.0605112 saab 
4 0 0.0200849 bus 
5 0 0.034302 saab 
0 0 0.0337443 van 
3 0 0.0332801 van 
5 0 0.0345897 saab 
0 0 0.0310245 van 
8 0 0.0235997 saab 
2 0 0.0333864 bus 
3 0 0.0328681 van 
9 0 0.0466225 opel 
9 0 0.030714 opel 
5 0 0.0443017 saab 
9 0 0.0210467 opel 
8 0 0.0276977 saab 
7 0 0.0464404 saab 
6 0 0.0524947 saab 
7 0 0.0570309 saab 
8 0 0.0334004 saab 
9 0 0.0365199 opel 
4 0 0.0372709 bus 
7 0 0.0292793 saab 
2 0 0.0235259 bus 
2 0 0.0209981 bus 
2 0 0.0215526 bus 
0 0 0.0825023 van 
1 0 0.0318722 opel 
2 0 0.0315232 bus 
2 0 0.138281 bus 
3 0 0.0201129 van 
2 0 0.0343893 bus 
3 0 0.0313861 van 
2 0 0.0185685 bus 
1 0 0.0260616 opel 
3 0 0.0249503 van 
2 0 0.0404654 bus 
3 0 0.0271201 van 
0 0 0.0631526 van 
3 0 0.0378945 van 
2 0 0.0227676 bus 
1 0 0.0293868 opel 
0 0 0.0318151 van 
0 0 0.0514397 van 
0 0 0.0357944 van 
0 0 0.0463772 van 
0 0 0.0313458 van 
1 0 0.0276843 opel 
3 0 0.0239174 van 
0 0 0.0414725 van 
0 0 0.0300096 van 
0 0 0.0294132 van 
0 0 0.0376269 van 
2 0 0.0332805 bus 
0 0 0.100639 van 
3 0 0.0236629 van 
1 0 0.0390283 opel 
0 0 0.0222474 van 
3 0 0.0276288 van 
3 0 0.020697 van 
3 0 0.0281737 van 
1 0 0.0337177 opel 
3 0 0.0349044 van 
0 0 0.050649 van 
0 0 0.0987797 van 
0 0 0.0799704 van 
0 0 0.0334842 van 
3 0 0.0311964 van 
0 0 0.0453987 van 
0 0 0.0912642 van 
0 0 0.0380375 van 
3 0 0.0325365 van 
2 0 0.0331396 bus 
0 0 0.0413514 van 
2 0 0.0372783 bus 
0 0 0.0686473 van 
2 0 0.0357098 bus 
2 0 0.0311475 bus 
0 0 0.0649109 van 
1 0 0.0415262 opel 
0 0 0.0698623 van 
0 0 0.0829123 van 
2 0 0.0387028 bus 
2 0 0.0292379 bus 
1 0 0.0381464 opel 
2 0 0.0393535 bus 
0 0 0.0823686 van 
0 0 0.0493624 van 
0 0 0.0480221 van 
0 0 0.0515065 van 
0 0 0.0693735 van 
0 0 0.045264 van 
0 0 0.0488634 van 
0 0 0.0420686 van 
0 0 0.0423243 van 
0 0 0.0671639 van 
0 0 0.0362655 van 
0 0 0.0566705 van 
0 0 0.0406327 van 
0 0 0.0478151 van 
