3 hexa 50 50 bubble
14 7 0.0122788 bus 
11 17 0.0126144 saab 
14 4 0.0147573 bus 
10 15 0.0110215 bus 
45 39 0.0189763 bus 
31 16 0.0190576 bus 
18 6 0.022918 van 
45 10 0.0255171 bus 
39 31 0.0186937 bus 
49 13 0.0192997 bus 
16 7 0.0144993 bus 
47 5 0.0170222 bus 
11 12 0.00976057 van 
29 35 0.0167761 bus 
47 35 0.0172349 bus 
33 14 0.01839 bus 
19 16 0.0146119 bus 
49 13 0.0167593 bus 
24 25 0.0151359 bus 
49 13 0.0122492 bus 
12 4 0.0169669 bus 
9 11 0.00757863 bus 
18 15 0.0203186 bus 
27 17 0.0148006 bus 
27 16 0.0145024 bus 
49 17 0.0165986 bus 
16 4 0.00822557 bus 
49 20 0.0203872 bus 
17 5 0.012555 bus 
12 13 0.00949203 bus 
20 5 0.017603 bus 
24 28 0.0157686 bus 
31 30 0.0208909 bus 
14 3 0.0118696 bus 
19 4 0.0141516 bus 
36 22 0.0212876 bus 
14 12 0.021519 bus 
47 34 0.0144545 bus 
15 14 0.00999217 bus 
19 13 0.0148739 bus 
16 4 0.00936601 bus 
23 27 0.0152424 bus 
21 23 0.012061 bus 
49 26 0.0126682 bus 
45 22 0.0122507 bus 
20 2 0.0246268 bus 
49 19 0.0147854 bus 
11 11 0.0153517 bus 
21 14 0.0136634 bus 
27 31 0.0114684 bus 
48 21 0.0105977 bus 
9 13 0.00951668 saab 
30 30 0.00990256 bus 
32 30 0.0134039 bus 
18 12 0.0119918 bus 
37 23 0.0113321 bus 
49 26 0.0224711 bus 
17 3 0.0176996 bus 
49 26 0.0151201 bus 
49 23 0.0189181 bus 
18 1 0.0119089 bus 
17 1 0.023657 bus 
49 26 0.0276149 bus 
49 26 0.00958854 bus 
34 30 0.0137874 opel 
16 12 0.0168011 bus 
20 2 0.0229517 bus 
29 30 0.011547 bus 
18 12 0.0172527 bus 
19 11 0.0192252 bus 
14 9 0.0167301 bus 
17 0 0.0230502 bus 
16 10 0.0202758 bus 
0 10 0.0197123 saab 
5 22 0.020877 bus 
0 0 0.0343415 van 
0 4 0.0226824 opel 
0 4 0.01437 opel 
0 0 0.0164665 van 
0 10 0.020783 saab 
0 8 0.0153327 van 
0 2 0.0205481 van 
0 13 0.0175331 opel 
5 20 0.0141739 opel 
2 6 0.0202269 opel 
5 17 0.0289927 saab 
0 0 0.0274208 van 
4 10 0.0155816 opel 
8 20 0.0186306 saab 
1 7 0.0208288 opel 
6 17 0.0145481 opel 
0 8 0.0232331 van 
2 8 0.0137969 van 
12 20 0.0134737 opel 
7 19 0.030132 opel 
3 15 0.0169063 opel 
5 13 0.0163534 opel 
3 4 0.0132874 opel 
4 11 0.0177792 van 
11 21 0.0298116 opel 
40 31 0.0203196 opel 
10 0 0.023457 van 
3 4 0.0206405 opel 
18 0 0.0324081 saab 
33 41 0.0180292 opel 
10 2 0.0242192 van 
40 31 0.0220384 opel 
39 24 0.0215218 opel 
11 19 0.0173144 opel 
19 29 0.016291 opel 
21 41 0.0174182 opel 
30 1 0.0187413 opel 
33 41 0.0219422 opel 
5 16 0.0256837 opel 
15 1 0.0208314 opel 
8 19 0.013147 opel 
17 24 0.0164198 opel 
24 39 0.0234223 opel 
46 35 0.0102262 saab 
33 41 0.0173528 opel 
20 38 0.0269022 opel 
29 38 0.014024 saab 
31 7 0.019532 opel 
39 45 0.0205871 opel 
33 43 0.0170011 opel 
33 48 0.0192947 opel 
13 3 0.0177648 opel 
24 21 0.0166142 opel 
32 39 0.0119649 opel 
4 0 0.0234333 van 
25 3 0.0200568 opel 
36 12 0.0226503 opel 
33 44 0.0112091 opel 
28 39 0.0148232 saab 
18 48 0.030984 opel 
43 35 0.0192018 opel 
33 5 0.0231066 opel 
37 46 0.0249057 opel 
35 49 0.0155236 opel 
22 40 0.0167032 opel 
21 42 0.0359911 opel 
20 49 0.0139372 opel 
33 48 0.0114849 opel 
28 42 0.0144824 saab 
26 6 0.0218078 saab 
30 49 0.013445 saab 
22 44 0.0121042 saab 
9 13 0.0146171 saab 
26 15 0.0192145 saab 
20 44 0.0189843 saab 
20 49 0.0237289 opel 
4 0 0.0234304 van 
23 42 0.0287599 saab 
41 0 0.0175833 saab 
35 47 0.026392 saab 
23 25 0.0141671 saab 
20 45 0.0166357 saab 
32 0 0.0253098 saab 
41 0 0.0141494 saab 
25 11 0.0132312 saab 
39 16 0.0234645 saab 
16 0 0.0175613 saab 
34 0 0.0141291 saab 
25 49 0.0184506 saab 
42 27 0.019333 saab 
45 7 0.0173883 saab 
22 40 0.0154789 opel 
25 47 0.0141268 saab 
25 47 0.0143549 saab 
43 12 0.00976233 saab 
20 0 0.0190109 saab 
41 21 0.012326 saab 
29 5 0.0129205 saab 
23 48 0.0160289 saab 
12 0 0.0243376 saab 
44 22 0.0126808 saab 
37 3 0.0165004 saab 
5 5 0.01918 opel 
37 5 0.0108856 saab 
10 7 0.0108966 saab 
46 21 0.0114497 saab 
39 18 0.019005 saab 
20 45 0.0239583 saab 
37 7 0.0250358 saab 
32 1 0.0176033 saab 
25 47 0.0235444 saab 
25 9 0.0161393 saab 
29 9 0.00912877 saab 
45 13 0.0102008 saab 
46 16 0.0155405 saab 
16 0 0.0159539 saab 
27 0 0.0230644 saab 
38 13 0.0247633 saab 
29 15 0.0111924 saab 
22 46 0.0224069 saab 
8 0 0.0131837 van 
19 11 0.0134197 bus 
18 47 0.0332337 saab 
32 29 0.0124716 saab 
12 0 0.0238521 saab 
45 2 0.0159758 saab 
21 12 0.0164152 saab 
33 16 0.0172671 opel 
41 6 0.0166473 saab 
47 14 0.0167885 saab 
20 0 0.0287298 saab 
30 10 0.0280125 saab 
20 0 0.0289447 saab 
19 8 0.0172645 saab 
10 10 0.0170059 saab 
29 24 0.0172425 saab 
33 24 0.0170838 saab 
46 19 0.0150942 saab 
18 0 0.0203569 saab 
40 11 0.0188397 saab 
0 9 0.0184644 van 
0 10 0.0156207 saab 
0 3 0.0152462 van 
0 0 0.0226203 van 
1 12 0.0185793 van 
2 8 0.0151691 van 
0 2 0.0187196 van 
0 0 0.0138488 van 
0 0 0.0167887 van 
0 14 0.0194859 van 
0 8 0.0182411 van 
0 0 0.024938 van 
0 8 0.0233766 van 
0 7 0.0225288 van 
0 0 0.0217104 van 
2 8 0.0208318 van 
0 2 0.0180892 van 
2 13 0.0161769 van 
0 0 0.0158046 van 
0 10 0.0227726 saab 
0 0 0.0181619 van 
2 6 0.0232591 opel 
2 14 0.0148248 van 
0 2 0.0142175 van 
3 10 0.0173873 van 
4 13 0.022303 van 
1 10 0.025603 saab 
0 2 0.0205634 van 
3 7 0.0173339 van 
1 6 0.0114666 van 
5 11 0.0173464 van 
4 6 0.0215543 van 
4 11 0.0250094 van 
2 4 0.0197544 saab 
1 0 0.0133387 van 
4 6 0.0180772 van 
0 0 0.0215212 van 
5 0 0.022412 van 
2 0 0.0121877 van 
8 27 0.016493 van 
8 28 0.0124649 van 
11 28 0.0111476 van 
8 30 0.0102905 van 
10 28 0.0172601 van 
6 9 0.01659 van 
8 31 0.0127389 van 
3 9 0.0196371 van 
13 28 0.00778831 van 
8 31 0.010228 van 
14 28 0.00536891 van 
12 29 0.0114628 van 
11 30 0.0107365 van 
1 35 0.0441095 van 
13 27 0.0121603 van 
10 30 0.0138765 van 
13 28 0.00846387 van 
7 0 0.0172927 van 
15 28 0.0135926 van 
15 28 0.0125905 van 
10 24 0.0118619 van 
8 25 0.0140517 van 
10 26 0.0143916 van 
14 28 0.0110679 van 
9 1 0.0208354 van 
10 30 0.011929 van 
13 23 0.0113154 van 
