3 hexa 30 20 bubble
0 19 0.237364 bus 
20 0 0.029544 opel 
21 0 0.0278953 
19 0 0.036834 bus 
0 19 0.265138 bus 
20 0 0.0261956 opel 
20 0 0.025971 opel 
20 0 0.0280286 opel 
20 0 0.0220623 opel 
20 0 0.0232295 opel 
19 0 0.02696 bus 
20 0 0.0254367 opel 
0 19 0.197288 bus 
21 0 0.0283202 
0 19 0.162897 bus 
21 0 0.0227728 
20 0 0.03063 opel 
20 0 0.0249494 opel 
20 0 0.0283511 opel 
20 0 0.0259633 opel 
20 0 0.031313 opel 
20 0 0.0348661 opel 
21 0 0.0314637 
21 0 0.0255416 
29 19 0.0936089 van 
0 19 0.228558 bus 
19 0 0.0275732 bus 
0 19 0.196884 bus 
0 19 0.163128 bus 
19 0 0.0281726 bus 
19 0 0.0331265 bus 
0 19 0.141298 bus 
0 19 0.252123 bus 
19 0 0.0367842 bus 
19 0 0.0227419 bus 
20 0 0.0213035 opel 
20 0 0.0158491 opel 
19 0 0.0215145 bus 
20 0 0.0243381 opel 
20 0 0.0260831 opel 
0 19 0.199131 bus 
19 0 0.0159305 bus 
20 0 0.025539 opel 
0 19 0.285392 bus 
0 19 0.221054 bus 
20 0 0.0244731 opel 
20 0 0.0214664 opel 
20 0 0.0157124 opel 
0 19 0.132815 bus 
19 0 0.0214127 bus 
20 2 0.017275 
0 19 0.219592 bus 
18 0 0.0224279 bus 
18 0 0.0258019 bus 
19 0 0.0161359 bus 
19 0 0.0269513 bus 
0 18 0.120554 opel 
20 0 0.015902 opel 
1 19 0.03828 opel 
0 19 0.125985 bus 
0 19 0.259182 bus 
0 19 0.0931489 bus 
0 19 0.239093 bus 
18 0 0.0151457 bus 
19 0 0.0252211 bus 
19 0 0.0235551 bus 
0 19 0.112964 bus 
17 0 0.0279275 bus 
29 19 0.101709 van 
19 0 0.0148279 bus 
18 0 0.0209615 bus 
20 0 0.0167433 opel 
2 0 0.0232547 
0 16 0.0268315 opel 
16 10 0.0144581 bus 
18 18 0.0097719 opel 
0 16 0.0234122 opel 
7 19 0.0232831 saab 
6 4 0.0118751 
0 15 0.0285853 saab 
13 18 0.0218757 saab 
15 19 0.0150357 saab 
8 19 0.0224539 saab 
28 5 0.0272752 van 
17 19 0.0181475 bus 
3 8 0.0183001 
15 7 0.0176044 van 
2 2 0.0221631 
5 19 0.0246485 bus 
11 12 0.012227 
6 8 0.0159516 saab 
7 19 0.0209276 saab 
2 10 0.0192039 saab 
2 19 0.0235225 opel 
9 18 0.0174853 
11 7 0.0158898 
1 17 0.0243806 opel 
29 0 0.0299382 van 
29 10 0.0204663 saab 
4 9 0.0306272 
6 8 0.0335763 saab 
10 13 0.0202401 
10 19 0.0204957 opel 
29 9 0.0283744 saab 
20 16 0.0207215 
0 12 0.020162 saab 
12 19 0.0177004 
10 19 0.02943 opel 
28 11 0.0186587 
12 12 0.0174295 
21 7 0.0205091 bus 
29 7 0.0280725 saab 
3 14 0.0222075 saab 
9 17 0.0214279 opel 
28 11 0.0225399 
14 18 0.0171217 bus 
11 16 0.0214593 
17 12 0.0125356 
23 16 0.0202985 
17 19 0.0264157 bus 
15 19 0.0260116 saab 
7 8 0.0174175 
23 18 0.0172858 
11 19 0.0282816 bus 
25 15 0.0171605 saab 
13 15 0.0183691 bus 
7 19 0.0401956 saab 
6 8 0.0286626 saab 
9 19 0.0351269 saab 
24 16 0.017019 
24 5 0.0258696 saab 
19 18 0.0225174 
15 14 0.0202587 
29 5 0.0378449 van 
19 7 0.0198006 bus 
18 13 0.0202164 
20 19 0.0292424 
14 14 0.0244826 
26 4 0.0344339 van 
28 13 0.0248664 
29 9 0.0341858 saab 
21 7 0.0323439 bus 
24 17 0.026696 saab 
26 3 0.0319128 van 
27 1 0.0167565 
29 0 0.0531236 van 
27 5 0.0251966 
21 0 0.0310669 
25 5 0.0350745 
27 1 0.0165081 
27 4 0.0235473 van 
29 1 0.0162373 opel 
29 1 0.0165048 opel 
21 0 0.0306175 
26 6 0.0335995 opel 
20 0 0.0216043 opel 
26 3 0.0238933 van 
19 1 0.0170318 bus 
27 4 0.0235825 van 
29 0 0.0471096 van 
20 1 0.0207323 bus 
22 0 0.0179531 van 
26 5 0.0186832 opel 
17 3 0.0122374 
28 4 0.0172934 opel 
23 9 0.0251282 bus 
28 1 0.0172074 
26 8 0.0246856 opel 
22 4 0.0166414 bus 
24 2 0.0107877 van 
29 1 0.0363148 opel 
26 8 0.0201291 opel 
29 0 0.0380553 van 
25 4 0.00983038 van 
25 7 0.0156905 
25 9 0.0252713 bus 
20 13 0.016043 
24 0 0.0153606 opel 
23 7 0.0222585 van 
12 4 0.0148852 van 
29 4 0.0104209 van 
24 12 0.0199085 opel 
21 14 0.0210872 opel 
25 10 0.0148657 opel 
13 6 0.0118509 
16 4 0.0188827 
19 16 0.0193506 
19 4 0.0166571 bus 
4 12 0.0222612 
4 17 0.0145535 
26 14 0.0134355 
29 1 0.0288543 opel 
26 4 0.0158239 van 
5 0 0.0260155 
13 5 0.0150857 van 
18 17 0.0148536 saab 
29 8 0.0251736 van 
27 15 0.0146365 bus 
19 15 0.0172052 opel 
29 7 0.0247984 saab 
3 6 0.0114816 saab 
25 11 0.0203934 
23 14 0.0131746 
0 12 0.0188161 saab 
0 7 0.0172846 opel 
18 18 0.0183209 opel 
4 13 0.0210365 saab 
3 6 0.0118267 saab 
1 2 0.0168401 
4 0 0.0302235 
2 0 0.0169407 
7 16 0.0247447 saab 
4 19 0.0196065 opel 
22 17 0.0125101 
10 14 0.0223539 saab 
22 9 0.0251745 bus 
24 10 0.0162442 opel 
23 7 0.0169098 van 
29 0 0.0319792 van 
22 4 0.0186647 bus 
18 5 0.0199445 bus 
29 19 0.102399 van 
14 4 0.0241315 van 
21 5 0.0222464 bus 
16 6 0.021288 opel 
23 8 0.0215498 bus 
26 9 0.016785 opel 
19 11 0.0239654 
19 3 0.0268346 van 
13 4 0.0216899 
29 5 0.0372628 van 
16 6 0.0268737 opel 
23 10 0.0251614 bus 
22 5 0.0196548 bus 
24 2 0.0257412 van 
29 6 0.0298596 van 
23 1 0.0309331 van 
29 6 0.0244695 van 
24 2 0.025578 van 
23 6 0.0220798 
18 7 0.0181395 
25 2 0.0285832 
23 2 0.0204567 
23 3 0.0240973 van 
29 6 0.018805 van 
21 5 0.023421 bus 
29 0 0.042715 van 
15 5 0.0170031 van 
29 9 0.024904 saab 
28 7 0.0172379 opel 
19 11 0.0232225 
20 10 0.0205756 
17 7 0.0198604 
28 10 0.0230708 
24 12 0.029299 opel 
29 5 0.0254742 van 
29 1 0.0415181 opel 
29 3 0.0353016 opel 
23 3 0.0263662 van 
21 10 0.0249127 
29 8 0.0330203 van 
29 0 0.037469 van 
24 1 0.0277573 van 
19 6 0.0191969 
20 7 0.0298907 
29 8 0.0265595 van 
28 11 0.0246759 
27 0 0.0345643 van 
29 13 0.0255365 bus 
22 5 0.0236552 bus 
29 5 0.0347183 van 
29 10 0.0244428 saab 
29 4 0.0370826 van 
29 1 0.0386699 opel 
26 11 0.0331622 bus 
22 6 0.024198 
22 4 0.0310132 bus 
29 11 0.0270034 bus 
29 3 0.0415497 opel 
29 7 0.0336808 saab 
29 9 0.0351868 saab 
25 0 0.03721 van 
29 3 0.0363051 opel 
29 9 0.0302176 saab 
29 7 0.0309083 saab 
29 8 0.0288976 van 
29 9 0.0258259 saab 
29 5 0.0400463 van 
23 3 0.0313825 van 
25 1 0.0392792 van 
24 4 0.0378217 opel 
24 1 0.0389016 van 
