3 hexa 1 10 bubble
0 9 0.310411 opel 
0 1 0.0397835 bus 
0 1 0.0369631 bus 
0 1 0.0543645 bus 
0 9 0.338754 opel 
0 1 0.0351194 bus 
0 1 0.035366 bus 
0 1 0.0381744 bus 
0 1 0.0315346 bus 
0 1 0.0332673 bus 
0 2 0.0449626 bus 
0 1 0.0369162 bus 
0 9 0.268302 opel 
0 1 0.0369896 bus 
0 9 0.235161 opel 
0 1 0.0316559 bus 
0 1 0.0410452 bus 
0 1 0.0419886 bus 
0 1 0.0407852 bus 
0 1 0.040195 bus 
0 1 0.0375979 bus 
0 1 0.0427843 bus 
0 1 0.0349401 bus 
0 1 0.0340956 bus 
0 3 0.117508 van 
0 9 0.301527 opel 
0 2 0.0421572 bus 
0 9 0.269134 opel 
0 9 0.235564 opel 
0 2 0.0440514 bus 
0 2 0.0451171 bus 
0 9 0.213358 opel 
0 9 0.325381 opel 
0 2 0.0471974 bus 
0 2 0.0319928 bus 
0 2 0.0360009 bus 
0 2 0.0340319 bus 
0 2 0.0363865 bus 
0 1 0.0420351 bus 
0 1 0.0436417 bus 
0 9 0.271587 opel 
0 2 0.0326026 bus 
0 1 0.0375859 bus 
0 9 0.359087 opel 
0 9 0.294681 opel 
0 1 0.0347802 bus 
0 1 0.0329263 bus 
0 2 0.0343442 bus 
0 9 0.205358 opel 
0 2 0.0403248 bus 
0 2 0.0319313 bus 
0 9 0.293356 opel 
0 2 0.0428578 bus 
0 2 0.0365561 bus 
0 2 0.0308502 bus 
0 1 0.0449429 bus 
0 9 0.189124 opel 
0 2 0.0262828 bus 
0 9 0.082778 opel 
0 9 0.198534 opel 
0 9 0.331213 opel 
0 9 0.161909 opel 
0 9 0.312139 opel 
0 2 0.0325515 bus 
0 2 0.039244 bus 
0 2 0.0380529 bus 
0 9 0.183028 opel 
0 2 0.0454375 bus 
0 3 0.143789 van 
0 2 0.027714 bus 
0 2 0.0336825 bus 
0 1 0.0327553 bus 
0 7 0.0608686 saab 
0 9 0.0720647 opel 
0 4 0.0254199 bus 
0 5 0.0412237 saab 
0 9 0.0659803 opel 
0 9 0.0271992 opel 
0 6 0.0320693 saab 
0 9 0.0698741 opel 
0 6 0.0447114 saab 
0 6 0.0379878 saab 
0 8 0.0346129 saab 
0 0 0.0488052 van 
0 5 0.0514905 saab 
0 9 0.0295298 opel 
0 4 0.0285895 bus 
0 7 0.0402876 saab 
0 9 0.0379278 opel 
0 6 0.0195267 saab 
0 7 0.0198457 saab 
0 9 0.0296049 opel 
0 9 0.0314672 opel 
0 9 0.0676954 opel 
0 8 0.0312355 saab 
0 5 0.0294539 saab 
0 9 0.0689674 opel 
0 0 0.0837542 van 
0 0 0.0434755 van 
0 8 0.0352518 saab 
0 7 0.0358118 saab 
0 6 0.0477009 saab 
0 7 0.0346372 saab 
0 0 0.0460839 van 
0 5 0.0398187 saab 
0 9 0.0539423 opel 
0 6 0.0504062 saab 
0 7 0.0401338 saab 
0 1 0.0376724 bus 
0 6 0.0288991 saab 
0 2 0.0239493 bus 
0 0 0.049649 van 
0 9 0.0395687 opel 
0 7 0.0286433 saab 
0 2 0.0448022 bus 
0 6 0.0315206 saab 
0 7 0.038264 saab 
0 4 0.0269323 bus 
0 4 0.0440611 bus 
0 6 0.0610189 saab 
0 6 0.046331 saab 
0 7 0.0230446 saab 
0 4 0.0477282 bus 
0 7 0.0505847 saab 
0 3 0.0485139 van 
0 6 0.0230379 saab 
0 9 0.0467332 opel 
0 7 0.0323543 saab 
0 8 0.0477982 saab 
0 4 0.044795 bus 
0 0 0.0274145 van 
0 5 0.0472991 saab 
0 6 0.0430168 saab 
0 0 0.0689601 van 
0 3 0.0305385 van 
0 4 0.0261279 bus 
0 5 0.0583486 saab 
0 6 0.0340869 saab 
0 0 0.0450856 van 
0 2 0.0542294 bus 
0 0 0.0522324 van 
0 2 0.0374132 bus 
0 4 0.0603109 bus 
0 0 0.0499457 van 
0 0 0.0690605 van 
0 0 0.127763 van 
0 0 0.0385679 van 
0 1 0.0298174 bus 
0 0 0.0348394 van 
0 0 0.0619195 van 
0 0 0.041329 van 
0 0 0.0790057 van 
0 0 0.087593 van 
0 1 0.0293856 bus 
0 0 0.0338643 van 
0 2 0.0289473 bus 
0 0 0.0442565 van 
0 2 0.0226089 bus 
0 0 0.0416544 van 
0 0 0.120072 van 
0 1 0.0307547 bus 
0 0 0.0188605 van 
0 0 0.0303457 van 
0 2 0.0279425 bus 
0 0 0.0510088 van 
0 2 0.0248278 bus 
0 0 0.0705271 van 
0 1 0.029044 bus 
0 1 0.0203855 bus 
0 0 0.0242728 van 
0 0 0.108217 van 
0 1 0.0218562 bus 
0 0 0.110656 van 
0 0 0.0165615 van 
0 0 0.020435 van 
0 2 0.030539 bus 
0 4 0.024445 bus 
0 0 0.0374061 van 
0 2 0.0199855 bus 
0 4 0.0295508 bus 
0 0 0.0580669 van 
0 3 0.0371904 van 
0 4 0.0246648 bus 
0 2 0.0209144 bus 
0 4 0.0257009 bus 
0 3 0.019686 van 
0 5 0.0306875 saab 
0 2 0.0234603 bus 
0 9 0.0261439 opel 
0 9 0.0297023 opel 
0 3 0.0413766 van 
0 0 0.089709 van 
0 0 0.0351391 van 
0 5 0.0596151 saab 
0 4 0.0199674 bus 
0 5 0.0343695 saab 
0 0 0.0346748 van 
0 3 0.0327811 van 
0 5 0.035611 saab 
0 0 0.0355089 van 
0 8 0.0222024 saab 
0 2 0.0329902 bus 
0 3 0.0318088 van 
0 9 0.0518523 opel 
0 9 0.0290104 opel 
0 5 0.0439201 saab 
0 9 0.0217385 opel 
0 8 0.0252115 saab 
0 7 0.0465394 saab 
0 6 0.0519815 saab 
0 7 0.0572051 saab 
0 8 0.0349874 saab 
0 9 0.0407444 opel 
0 4 0.0373134 bus 
0 7 0.0293889 saab 
0 2 0.0246088 bus 
0 2 0.0204013 bus 
0 2 0.0202683 bus 
0 0 0.0896369 van 
0 1 0.0307269 bus 
0 2 0.032994 bus 
0 2 0.137691 bus 
0 3 0.0199185 van 
0 1 0.0337929 bus 
0 3 0.0315637 van 
0 2 0.0192271 bus 
0 1 0.0240792 bus 
0 3 0.0244843 van 
0 2 0.0415578 bus 
0 3 0.0269508 van 
0 0 0.0689483 van 
0 3 0.0383598 van 
0 2 0.0237549 bus 
0 1 0.0280326 bus 
0 0 0.0361554 van 
0 0 0.0567261 van 
0 0 0.0378571 van 
0 0 0.0519467 van 
0 0 0.0355813 van 
0 1 0.0262699 bus 
0 3 0.0245356 van 
0 0 0.0474079 van 
0 0 0.0287805 van 
0 0 0.0291974 van 
0 0 0.0430648 van 
0 2 0.0331722 bus 
0 0 0.107863 van 
0 3 0.0241972 van 
0 0 0.0382961 van 
0 0 0.0256734 van 
0 3 0.0268914 van 
0 3 0.0208305 van 
0 3 0.0286351 van 
0 1 0.0329175 bus 
0 3 0.0349212 van 
0 0 0.0566857 van 
0 0 0.106099 van 
0 0 0.0869889 van 
0 0 0.0325646 van 
0 3 0.0311777 van 
0 0 0.0470194 van 
0 0 0.0984427 van 
0 0 0.0428654 van 
0 3 0.0334855 van 
0 2 0.0339522 bus 
0 0 0.0441272 van 
0 2 0.0360447 bus 
0 0 0.0753976 van 
0 2 0.0353899 bus 
0 1 0.0305503 bus 
0 0 0.0711962 van 
0 1 0.0410961 bus 
0 0 0.0762857 van 
0 0 0.0898578 van 
0 2 0.038264 bus 
0 2 0.0286095 bus 
0 1 0.0378892 bus 
0 2 0.0380504 bus 
0 0 0.0891192 van 
0 0 0.0536339 van 
0 0 0.0471587 van 
0 0 0.0569906 van 
0 0 0.0761221 van 
0 0 0.0450262 van 
0 0 0.0532827 van 
0 0 0.043883 van 
0 0 0.0428544 van 
0 0 0.0729721 van 
0 0 0.036362 van 
0 0 0.0625531 van 
0 0 0.0404517 van 
0 0 0.0523481 van 
