3 hexa 30 20 bubble
27 19 0.0208948 bus 
3 17 0.00930022 bus 
29 17 0.0519831 bus 
3 19 0.0191657 bus 
5 15 0.0180984 opel 
6 16 0.0341025 
5 19 0.0178735 bus 
5 19 0.0153358 bus 
4 19 0.0134843 bus 
25 18 0.0255745 
26 18 0.0271321 
6 14 0.0165501 van 
4 14 0.0159533 saab 
7 15 0.0311704 van 
29 19 0.0335256 bus 
7 17 0.0206503 
4 19 0.00965928 bus 
27 18 0.0151246 
5 13 0.0195186 
6 19 0.0190538 van 
9 13 0.0203023 opel 
27 16 0.0178138 
6 14 0.0236661 van 
5 12 0.0196162 saab 
6 15 0.0177579 van 
6 17 0.0264235 
6 18 0.0136509 
8 14 0.0222417 
23 19 0.0317896 saab 
4 14 0.0157095 saab 
9 12 0.025704 van 
23 16 0.0285016 
4 13 0.0196903 
22 19 0.0248468 opel 
22 19 0.0342836 opel 
7 19 0.024959 van 
6 15 0.0201611 van 
11 10 0.0201401 bus 
27 14 0.0243556 
9 14 0.0219805 van 
20 19 0.0235553 
12 10 0.0195429 van 
6 14 0.0193836 van 
29 8 0.025422 saab 
23 8 0.0292604 opel 
6 14 0.0264069 van 
5 14 0.0177128 saab 
5 16 0.0180837 saab 
26 8 0.0346587 
19 19 0.0239978 
8 11 0.0224997 
5 17 0.0150949 
9 16 0.0177734 
7 14 0.0169562 bus 
21 18 0.0214111 
23 7 0.0288134 
13 6 0.0204174 saab 
21 16 0.0195213 
6 9 0.0161964 van 
7 10 0.0145736 van 
11 6 0.0228967 bus 
26 5 0.0146929 opel 
11 5 0.0158884 bus 
10 15 0.0179844 van 
25 4 0.0255646 opel 
10 13 0.0186599 van 
27 0 0.0247585 
23 1 0.0186523 opel 
8 5 0.01462 van 
29 0 0.0218204 saab 
9 5 0.0187172 
12 6 0.0192134 van 
13 7 0.0130043 van 
22 19 0.0198554 opel 
18 18 0.0419034 
29 12 0.0242908 opel 
11 15 0.0131578 
29 12 0.0212913 opel 
27 14 0.0241356 
29 9 0.0358664 saab 
29 13 0.0373921 opel 
28 14 0.0282786 
29 13 0.0179428 opel 
11 15 0.0157347 
23 14 0.0213218 
26 15 0.0240233 opel 
26 13 0.0203348 saab 
23 19 0.0162191 saab 
24 8 0.0161152 opel 
29 5 0.0115138 saab 
29 13 0.0191822 opel 
21 19 0.0169945 saab 
26 7 0.0245476 saab 
27 11 0.0200555 
21 15 0.0294084 
24 17 0.0167441 
29 9 0.0382304 saab 
28 11 0.020628 
26 16 0.0175746 
9 13 0.0156388 opel 
23 0 0.0167605 
5 10 0.0161629 
12 2 0.0170211 
27 13 0.0135294 saab 
27 15 0.0230539 
25 3 0.0166732 
29 12 0.0234125 opel 
4 9 0.0160796 
22 6 0.0159566 
29 13 0.0256048 opel 
29 0 0.0102462 saab 
7 13 0.0155734 opel 
25 16 0.0273164 saab 
18 5 0.028859 opel 
13 3 0.0125988 
24 19 0.0295439 bus 
13 15 0.0114844 saab 
22 4 0.0204315 bus 
23 15 0.0223384 saab 
24 19 0.0245 bus 
27 15 0.0197919 
16 17 0.0131519 
14 15 0.0132851 
25 17 0.0223919 
14 17 0.0119132 
23 19 0.0274814 saab 
11 0 0.0204107 saab 
15 4 0.0249511 opel 
4 12 0.0198793 
29 3 0.0316352 
25 18 0.0264403 
28 13 0.0239469 opel 
5 0 0.0214332 van 
18 17 0.0352105 
29 14 0.0306101 opel 
24 15 0.0183313 opel 
24 18 0.0213961 opel 
16 3 0.0193254 
28 3 0.0136952 
24 19 0.0271992 bus 
28 12 0.0148177 
29 12 0.0182047 opel 
16 18 0.0159892 saab 
18 5 0.0170247 opel 
29 12 0.0241369 opel 
21 14 0.019605 
24 16 0.01474 
15 4 0.011936 opel 
21 17 0.0241673 
24 0 0.0170845 bus 
14 1 0.0146347 
29 12 0.0234379 opel 
29 7 0.0312806 opel 
28 13 0.0289335 opel 
22 18 0.0120083 opel 
27 6 0.0114914 
24 5 0.0193984 
22 18 0.0226667 opel 
25 2 0.0189938 
29 12 0.0178162 opel 
25 15 0.0230027 
19 9 0.0168403 
29 1 0.0285196 saab 
22 14 0.0111698 saab 
18 6 0.0117419 saab 
14 17 0.0128912 
22 19 0.0157871 opel 
10 14 0.0177238 van 
23 15 0.0118454 saab 
29 6 0.0194362 saab 
29 9 0.0224435 saab 
22 17 0.0219308 opel 
25 5 0.0141329 
26 14 0.0178562 saab 
26 14 0.0162855 saab 
22 3 0.0100918 
29 12 0.019514 opel 
27 14 0.0167347 
23 15 0.0250866 saab 
27 5 0.0139508 
28 7 0.0144024 
29 11 0.0142135 saab 
17 4 0.0119379 opel 
16 19 0.0263038 opel 
28 13 0.0200764 opel 
17 19 0.0329369 opel 
23 2 0.0114325 
17 3 0.0180079 saab 
12 15 0.00921507 
27 13 0.021672 saab 
15 19 0.0151798 bus 
28 13 0.0131384 opel 
25 14 0.0183634 
27 13 0.0188461 saab 
24 17 0.0132529 
24 16 0.0196168 
18 2 0.0129628 
28 9 0.0207466 
11 15 0.0125773 
29 7 0.0303578 opel 
27 14 0.0111111 
29 3 0.0264461 
25 15 0.015181 
27 13 0.0214986 saab 
23 6 0.0184134 opel 
21 12 0.0164286 saab 
17 7 0.0226296 
8 1 0.0219898 
23 13 0.0189187 opel 
29 5 0.0168005 saab 
29 12 0.0163841 opel 
12 1 0.0205455 saab 
15 14 0.0138194 
16 18 0.0128179 saab 
23 17 0.0166986 
25 15 0.0149737 
14 10 0.0156576 
12 16 0.0170574 opel 
10 19 0.0168696 van 
12 11 0.17218 
9 19 0.0168279 van 
10 19 0.0141463 van 
3 6 0.0167782 
0 0 0.0291667 van 
13 10 0.161698 bus 
4 0 0.0201887 van 
2 4 0.0207145 van 
11 17 0.0273976 van 
5 8 0.0147159 van 
10 18 0.0104857 van 
0 0 0.0224125 van 
11 16 0.0163194 van 
9 17 0.0176377 
10 15 0.0148849 van 
7 0 0.0162782 van 
9 19 0.0113404 van 
7 19 0.017314 van 
7 16 0.0312392 saab 
12 19 0.0136639 opel 
10 15 0.0150208 van 
5 2 0.0139567 
11 19 0.0169252 
9 15 0.0101766 
4 0 0.0235196 van 
3 5 0.0235798 saab 
10 15 0.0131538 van 
7 18 0.0185771 
5 11 0.0168548 saab 
12 17 0.0246895 
10 15 0.0146646 van 
7 17 0.0179412 
9 17 0.0141404 
13 10 0.222032 bus 
8 2 0.0173094 van 
11 9 0.0732786 
7 2 0.0224792 opel 
4 10 0.0185997 opel 
12 15 0.0162411 
7 15 0.0173478 van 
8 5 0.0122062 van 
10 19 0.0172906 van 
9 16 0.0139907 
8 16 0.0158873 
8 19 0.0219832 van 
3 7 0.0122604 
5 12 0.0134009 saab 
11 16 0.0173215 van 
11 17 0.0130398 van 
6 13 0.0177466 
1 0 0.0210375 van 
2 4 0.0286417 van 
6 14 0.0184096 van 
7 12 0.0130013 bus 
