3 hexa 50 50 bubble
36 17 0.157779 bus 
5 40 0.0327886 opel 
5 40 0.0298179 opel 
40 49 0.0390797 bus 
36 17 0.184657 bus 
5 40 0.0285091 opel 
5 40 0.0287462 opel 
5 40 0.0318297 opel 
4 39 0.0254507 
5 40 0.0268004 opel 
41 49 0.0325741 bus 
5 39 0.0291543 bus 
36 17 0.117966 bus 
5 40 0.0304725 opel 
36 17 0.0890432 bus 
5 40 0.0248353 opel 
5 40 0.0343786 opel 
4 39 0.0343082 
5 39 0.0342813 bus 
5 39 0.0322719 bus 
6 40 0.0308488 opel 
5 40 0.036357 opel 
5 40 0.0286094 opel 
5 40 0.0273067 opel 
44 7 0.0618424 
36 17 0.14962 bus 
40 49 0.0337737 bus 
36 17 0.118011 bus 
36 17 0.0895357 bus 
40 49 0.0313141 bus 
40 49 0.0363295 bus 
36 17 0.0696311 bus 
36 17 0.172539 bus 
39 49 0.0400408 
6 38 0.0263966 opel 
5 39 0.028364 bus 
3 37 0.0244897 
41 49 0.0276403 bus 
4 39 0.0337094 
41 49 0.0342543 bus 
36 17 0.120596 bus 
42 49 0.022042 bus 
5 39 0.029906 bus 
36 17 0.204707 bus 
36 17 0.141553 bus 
5 39 0.0281189 bus 
5 39 0.0255051 bus 
2 37 0.0246632 
36 17 0.0563431 bus 
41 49 0.0258822 bus 
2 36 0.0219302 bus 
36 17 0.140907 bus 
41 49 0.0241557 bus 
40 49 0.0300291 bus 
5 38 0.0243135 
41 49 0.0333799 bus 
36 17 0.0578158 bus 
5 39 0.0196834 bus 
35 18 0.039514 
36 17 0.0526605 bus 
36 17 0.179417 bus 
36 17 0.0482146 bus 
36 17 0.160067 bus 
43 49 0.0172001 bus 
5 39 0.0312382 bus 
40 49 0.0280697 bus 
36 17 0.0601547 bus 
39 49 0.0278272 
41 4 0.0713234 
5 38 0.0209283 
40 49 0.0247366 bus 
4 39 0.0245177 
0 24 0.0232931 
1 0 0.0207774 opel 
43 29 0.0139151 
20 37 0.0108342 
1 0 0.0167481 opel 
18 13 0.0222568 saab 
8 26 0.0133797 
1 4 0.0279344 
24 28 0.0194122 saab 
23 34 0.0144043 
19 15 0.0276454 
6 49 0.0279407 van 
21 36 0.0183107 
5 17 0.0213021 opel 
3 32 0.0149674 
4 22 0.0214242 
14 8 0.0251389 
8 27 0.0131199 
14 23 0.0119659 
17 14 0.0213454 
4 13 0.0196073 saab 
7 0 0.0236587 opel 
17 19 0.0216911 
4 30 0.0133283 
6 0 0.0244492 opel 
0 48 0.0300986 opel 
10 49 0.0176605 saab 
27 15 0.0305528 opel 
29 16 0.0292345 saab 
11 27 0.0133106 
20 23 0.0195338 
9 49 0.0271162 
17 39 0.0171886 
0 8 0.016384 opel 
22 28 0.0176224 saab 
21 22 0.0278446 
11 49 0.0190675 
11 30 0.0147216 
4 36 0.0235512 bus 
7 49 0.0264424 saab 
8 8 0.0192253 
22 20 0.0136662 
12 48 0.0218631 bus 
22 31 0.0164419 
13 26 0.0196175 saab 
37 32 0.0130669 
19 44 0.0196889 saab 
25 38 0.0215089 
22 33 0.0227808 
9 23 0.0138941 
19 43 0.0164928 
21 26 0.025595 bus 
17 49 0.0136726 saab 
27 30 0.0202757 
16 13 0.040339 
13 22 0.0260565 
20 20 0.0306896 
20 46 0.0165596 
9 47 0.0267518 
24 40 0.0218209 
29 33 0.0193288 
6 49 0.0366771 van 
2 34 0.0228884 
11 33 0.0187471 
24 42 0.0268624 
11 30 0.0233176 
0 42 0.0344495 van 
13 49 0.0214556 saab 
9 49 0.0312277 
2 36 0.0386439 bus 
21 49 0.0227442 bus 
4 44 0.0290175 
2 47 0.0159021 
0 49 0.0480419 van 
5 44 0.023164 opel 
6 41 0.0267279 
5 43 0.0296449 van 
3 47 0.0149435 
4 45 0.0220719 van 
2 49 0.0157689 
0 49 0.014483 van 
5 41 0.0233695 
5 43 0.0284066 van 
5 38 0.023953 
4 44 0.0208902 
5 37 0.0181562 bus 
4 45 0.0228573 van 
0 49 0.042616 van 
4 39 0.0235415 
4 41 0.0154672 
5 44 0.0158421 opel 
4 35 0.0141864 
4 46 0.0166365 
8 39 0.0195535 
1 47 0.0173904 
8 42 0.0217564 
3 39 0.0166076 
2 42 0.00993751 opel 
0 49 0.0324173 van 
7 42 0.0148129 
0 49 0.0337834 van 
6 44 0.010756 
7 43 0.0141608 
10 42 0.0234916 bus 
14 38 0.0134808 
0 43 0.0151319 van 
6 39 0.017037 opel 
3 32 0.0162118 
4 49 0.0105787 opel 
13 42 0.0194983 
13 36 0.0137418 
11 43 0.0143736 
3 31 0.0075854 
8 35 0.0157321 
16 36 0.0145102 
2 35 0.0138351 bus 
8 13 0.0210959 
15 2 0.01434 
16 48 0.0141287 
1 49 0.0283549 opel 
0 43 0.0182218 van 
2 29 0.0224762 saab 
6 33 0.00875287 
16 35 0.0123974 
9 48 0.025723 van 
15 44 0.0164686 
17 39 0.0152225 
8 48 0.0250609 van 
7 19 0.0104462 saab 
12 43 0.0211051 
15 42 0.0126793 
0 8 0.0144698 opel 
3 16 0.0173443 
17 35 0.0118965 opel 
8 15 0.0190146 saab 
4 19 0.0125299 
0 22 0.0158319 
0 27 0.022809 
0 24 0.0162493 
19 1 0.0145759 saab 
15 0 0.0154268 opel 
19 43 0.0130075 
14 26 0.0233063 
9 38 0.0227746 
11 43 0.0174826 
10 43 0.0207168 
0 48 0.0309857 opel 
0 37 0.0181532 bus 
2 34 0.0199225 
49 20 0.0696661 
8 34 0.0208013 
0 37 0.0223528 bus 
44 37 0.0184546 
7 39 0.0183288 
10 45 0.0158061 opel 
10 35 0.0266813 
0 35 0.026387 van 
39 38 0.0188393 
5 49 0.0366513 van 
43 39 0.0230502 
9 38 0.0223593 
1 38 0.0211044 saab 
0 42 0.0232341 van 
6 49 0.0281186 van 
0 41 0.0283593 van 
6 49 0.0227357 van 
0 42 0.0232335 van 
2 38 0.0274111 
47 41 0.0188234 
0 43 0.0270538 van 
0 40 0.0168708 van 
0 40 0.0219785 van 
7 49 0.0165603 saab 
0 36 0.0244176 bus 
0 49 0.03987 van 
43 39 0.0142171 
10 48 0.0238306 
8 47 0.0169355 opel 
10 35 0.0274956 
9 35 0.0230971 saab 
46 39 0.0176866 
11 48 0.0223016 
13 43 0.0299563 opel 
6 49 0.0239386 van 
0 49 0.0401145 van 
3 49 0.0345473 opel 
0 40 0.0229071 van 
14 44 0.0266711 
9 49 0.0304709 
0 49 0.0357847 van 
0 42 0.0261077 van 
49 43 0.0216416 bus 
2 35 0.0322191 bus 
8 49 0.0237091 opel 
11 47 0.0239578 
0 46 0.0335757 van 
13 46 0.0256992 bus 
0 37 0.0252013 bus 
5 49 0.0335696 van 
11 48 0.0231852 
5 49 0.0354267 van 
0 49 0.0388771 van 
12 46 0.0331606 
0 37 0.0279769 bus 
0 38 0.0300133 bus 
11 47 0.0263955 
3 49 0.0411305 opel 
7 49 0.0321703 saab 
10 48 0.034016 
0 43 0.0362695 van 
3 49 0.036397 opel 
9 49 0.0287808 
7 49 0.0290975 saab 
9 49 0.0264023 
9 49 0.0234014 
5 49 0.0392814 van 
0 40 0.0290918 van 
0 44 0.0377952 van 
0 40 0.0369209 van 
0 43 0.0376098 van 
