3 hexa 20 20 bubble
0 19 0.0219889 bus 
18 16 0.00933879 bus 
0 19 0.0555649 bus 
17 19 0.0177472 bus 
16 13 0.0179084 opel 
15 14 0.0337294 saab 
16 19 0.0151752 
15 17 0.0148079 
17 19 0.012424 bus 
4 19 0.0267007 opel 
1 17 0.032002 
16 12 0.0165317 van 
17 12 0.0162452 saab 
14 13 0.0312142 opel 
0 19 0.0760183 bus 
14 15 0.0180298 
17 18 0.00982496 bus 
1 19 0.0179549 bus 
16 11 0.0200765 
15 17 0.0188239 
13 11 0.0201312 van 
3 18 0.0135906 
16 12 0.0228314 van 
16 10 0.0195377 saab 
15 13 0.0189145 van 
15 17 0.0270411 
15 15 0.0132002 
14 13 0.0207703 opel 
5 19 0.0425399 opel 
17 13 0.0139231 
13 10 0.0252996 van 
5 17 0.0222053 
17 12 0.0191525 saab 
6 19 0.0307491 opel 
5 19 0.0448653 opel 
15 18 0.0241248 
15 13 0.0177113 van 
11 7 0.0212604 
3 16 0.0216872 opel 
14 12 0.0217679 
7 17 0.0242692 
11 8 0.020238 van 
16 12 0.0183947 van 
5 16 0.0196811 
0 8 0.0294018 saab 
16 12 0.0249537 van 
16 13 0.0188001 opel 
17 16 0.0191718 bus 
2 11 0.037665 
8 19 0.0267032 
13 9 0.0219922 
16 16 0.0158554 bus 
14 14 0.0163999 opel 
15 13 0.0145263 van 
6 16 0.0188535 opel 
1 8 0.0282962 
9 4 0.0233105 
7 16 0.0197015 
15 8 0.0149058 van 
14 8 0.0144528 van 
15 12 0.0223385 bus 
3 11 0.0172205 opel 
10 4 0.0176347 van 
13 12 0.0167162 van 
4 10 0.0241164 saab 
12 11 0.0175229 van 
6 12 0.0245203 
3 7 0.0208903 
13 4 0.0157554 
7 14 0.0188956 opel 
11 4 0.0206186 van 
10 4 0.021273 van 
8 5 0.0143092 van 
6 19 0.0236407 opel 
8 14 0.0344325 
3 16 0.0286989 opel 
12 13 0.0130236 
3 16 0.0207153 opel 
3 17 0.0231892 
4 16 0.0336647 opel 
3 16 0.0379552 opel 
2 16 0.0285657 opel 
2 16 0.0215121 opel 
12 13 0.0140091 
2 12 0.0255627 opel 
3 17 0.0218804 
1 14 0.0215378 saab 
5 19 0.0234075 opel 
0 9 0.0169573 opel 
5 14 0.0131166 
2 16 0.0218621 opel 
7 19 0.0190528 saab 
3 12 0.0286639 saab 
2 14 0.0229359 opel 
7 19 0.0398431 saab 
4 18 0.0183888 
4 15 0.0400837 opel 
2 14 0.019319 opel 
4 19 0.0220324 opel 
13 11 0.0148432 van 
3 6 0.0172334 
16 9 0.0163004 
9 0 0.0173701 bus 
1 15 0.0132346 opel 
1 16 0.0248333 
4 10 0.0209461 saab 
2 15 0.0274117 saab 
16 6 0.0164669 van 
0 6 0.0167444 
0 15 0.0331096 opel 
7 14 0.0100976 opel 
14 11 0.0162455 opel 
0 14 0.0368842 saab 
0 2 0.0290393 opel 
7 1 0.0127852 bus 
4 19 0.0375806 opel 
11 12 0.0121797 saab 
0 5 0.0218305 opel 
0 13 0.0317123 opel 
4 19 0.027556 opel 
1 16 0.0216599 
9 12 0.0158081 saab 
10 12 0.0131346 
4 19 0.0318963 opel 
10 13 0.0119172 
5 19 0.0329129 opel 
10 0 0.0202974 saab 
6 2 0.0268969 opel 
16 11 0.0204155 
6 15 0.0271801 
4 19 0.0360777 opel 
1 15 0.0273192 opel 
15 0 0.021436 van 
8 15 0.0276129 
1 16 0.0350364 
0 14 0.0253276 saab 
4 19 0.0323016 opel 
5 2 0.0210113 
5 13 0.0139515 opel 
4 19 0.031528 opel 
2 15 0.0137443 saab 
2 15 0.0203944 saab 
9 13 0.0176115 saab 
2 3 0.0185786 saab 
2 15 0.0225785 saab 
3 11 0.021975 opel 
4 17 0.0160952 saab 
6 0 0.0139297 opel 
7 19 0.0247575 saab 
3 7 0.0186659 
6 1 0.0146392 
2 15 0.0273945 saab 
5 16 0.0305348 
3 16 0.0322067 opel 
6 18 0.0142483 opel 
2 11 0.0133464 
2 9 0.0186155 saab 
6 19 0.0268561 opel 
5 10 0.0223953 saab 
2 15 0.0180575 saab 
4 17 0.0196383 saab 
3 6 0.0173461 
8 16 0.0217338 
0 11 0.0214935 saab 
2 3 0.0140705 saab 
10 13 0.0141085 
6 19 0.0169781 opel 
13 11 0.017731 van 
0 12 0.0224322 opel 
5 15 0.0153431 saab 
5 16 0.0165465 
5 17 0.0123151 
4 11 0.0158445 saab 
4 17 0.0160249 saab 
1 14 0.0163485 saab 
3 6 0.0113727 
2 15 0.0220009 saab 
3 16 0.0146268 opel 
0 13 0.0306864 opel 
4 12 0.016813 
3 13 0.016064 
3 15 0.020787 saab 
3 0 0.0136523 saab 
9 15 0.023669 opel 
1 15 0.0215488 opel 
8 14 0.0267513 
2 6 0.0104158 saab 
2 0 0.0190962 saab 
11 13 0.0114068 
3 16 0.0202584 opel 
10 14 0.0171607 
1 15 0.0159736 opel 
0 13 0.0245609 opel 
2 15 0.0176396 saab 
4 19 0.0264395 opel 
4 17 0.0182237 saab 
4 2 0.0128439 
5 16 0.0172471 
12 12 0.0110808 van 
5 15 0.0333684 saab 
1 15 0.0124224 opel 
6 15 0.0237369 
0 14 0.0139645 saab 
1 15 0.0254587 opel 
1 7 0.0171134 opel 
2 9 0.0182308 saab 
4 4 0.0262747 
12 1 0.0220702 
0 12 0.0200278 opel 
5 14 0.0201471 
1 15 0.0199942 opel 
8 0 0.0210368 saab 
10 12 0.0135485 
9 12 0.0146567 saab 
5 19 0.0254451 opel 
1 14 0.018845 saab 
8 7 0.0178555 
12 15 0.0177384 van 
13 18 0.0143467 van 
10 9 0.173732 bus 
13 19 0.0152004 van 
13 18 0.012574 van 
17 5 0.0178912 van 
19 0 0.0328759 van 
9 9 0.162598 
15 1 0.0206345 
18 4 0.0213682 van 
12 15 0.0288473 van 
16 6 0.0158975 van 
13 16 0.0121465 
19 0 0.0248285 van 
13 14 0.0187451 van 
13 17 0.0204756 van 
13 13 0.0169986 
13 1 0.0170415 van 
13 17 0.0116976 van 
14 17 0.0182087 van 
15 17 0.0325639 
12 16 0.014112 opel 
13 12 0.0173559 van 
15 2 0.0147497 
12 17 0.0184781 
13 13 0.0107615 
16 0 0.0239266 van 
17 4 0.025592 
13 14 0.0149063 van 
15 16 0.0191347 
15 9 0.0169046 saab 
12 14 0.0259833 opel 
13 13 0.0162466 
15 16 0.0184358 
13 15 0.0155026 
9 9 0.222072 
12 1 0.0180205 
11 8 0.0768183 van 
13 1 0.0223918 van 
16 9 0.0183786 
11 11 0.0185456 bus 
15 14 0.016468 saab 
13 4 0.0149182 
13 19 0.0175776 van 
14 14 0.0156041 opel 
14 15 0.0180726 
14 16 0.0221627 
16 5 0.0139963 van 
16 11 0.0130207 
13 14 0.0194059 van 
12 13 0.015481 
15 11 0.0189881 
19 0 0.0234356 van 
17 3 0.0292529 van 
16 12 0.0177718 van 
15 10 0.0133189 bus 
