3 hexa 20 20 bubble
3 13 0.0118377 bus 
7 7 0.0130256 saab 
1 14 0.014294 bus 
6 8 0.0126065 bus 
18 17 0.0445136 bus 
15 14 0.0193633 bus 
5 14 0.0168637 bus 
19 18 0.0270052 bus 
7 16 0.0122297 bus 
15 18 0.0231174 bus 
4 14 0.0132223 bus 
19 15 0.0208023 saab 
5 8 0.0108166 van 
14 11 0.017593 bus 
15 19 0.0255668 opel 
16 14 0.0182747 bus 
9 10 0.0173527 van 
14 16 0.0180599 bus 
12 11 0.0201531 bus 
15 18 0.0178633 bus 
0 12 0.017201 bus 
4 7 0.0122647 bus 
8 11 0.0197215 bus 
14 12 0.0184766 bus 
14 10 0.0176416 saab 
12 19 0.0213009 saab 
2 15 0.00799482 bus 
9 19 0.0261699 bus 
3 15 0.0116826 bus 
5 9 0.0109388 van 
6 16 0.0128603 bus 
13 13 0.0184184 opel 
10 13 0.0209517 bus 
0 14 0.0112848 opel 
5 16 0.0108631 saab 
12 16 0.0234775 bus 
5 11 0.0205222 bus 
13 19 0.0216564 saab 
7 10 0.0124741 bus 
8 13 0.0138944 bus 
2 15 0.00948719 bus 
13 12 0.0200153 bus 
12 9 0.0152274 bus 
7 19 0.0147332 bus 
9 19 0.0138048 bus 
4 19 0.019519 bus 
10 19 0.0213508 saab 
4 9 0.0177279 van 
10 12 0.0146136 bus 
11 14 0.0176047 bus 
9 19 0.0182265 bus 
5 7 0.012584 bus 
10 13 0.0147562 bus 
11 14 0.0169085 bus 
8 10 0.0176628 van 
11 17 0.0144498 bus 
5 19 0.021932 bus 
3 16 0.0181318 opel 
6 19 0.0202137 opel 
8 19 0.0267955 opel 
1 19 0.00970944 bus 
1 19 0.0209144 bus 
4 19 0.025351 bus 
7 19 0.0121474 bus 
10 14 0.0172015 opel 
7 10 0.0198025 bus 
4 19 0.0192607 bus 
11 12 0.0161321 bus 
8 12 0.0181997 bus 
8 14 0.0165138 bus 
4 11 0.0181848 opel 
1 19 0.0209701 bus 
5 12 0.0246316 bus 
4 0 0.0204012 saab 
9 0 0.0233227 bus 
0 0 0.0464381 van 
1 0 0.0250475 opel 
1 0 0.0161602 opel 
0 0 0.0243616 van 
4 0 0.0208909 saab 
4 0 0.0164082 saab 
0 0 0.0213132 van 
4 1 0.0190504 van 
7 3 0.0161365 bus 
2 2 0.0195696 opel 
0 13 0.0334732 opel 
0 0 0.038698 van 
4 2 0.0180385 van 
8 4 0.0251462 saab 
3 2 0.0194639 opel 
6 4 0.0185357 opel 
3 2 0.0215285 opel 
3 2 0.0130368 opel 
9 6 0.0135594 opel 
0 16 0.033898 opel 
5 2 0.0214023 van 
4 5 0.0163188 opel 
0 3 0.0137514 opel 
4 3 0.0196301 opel 
9 6 0.0326559 opel 
7 17 0.0257245 opel 
0 8 0.0279383 van 
0 3 0.01899 opel 
3 16 0.03465 opel 
15 2 0.0244394 opel 
0 10 0.0260868 opel 
7 19 0.0249498 bus 
10 18 0.0241494 opel 
7 7 0.0187151 saab 
11 7 0.0185609 opel 
16 6 0.0201649 opel 
17 8 0.0214097 opel 
15 2 0.0274912 opel 
6 4 0.0315508 opel 
0 16 0.0201294 opel 
7 5 0.0146135 opel 
11 6 0.015671 opel 
18 6 0.031906 saab 
14 19 0.0203901 opel 
15 2 0.0228452 opel 
15 6 0.0370338 opel 
16 5 0.0176845 saab 
17 10 0.0214077 opel 
14 1 0.0287131 opel 
15 2 0.0191363 opel 
15 0 0.0141879 opel 
0 13 0.0177169 opel 
13 8 0.0207456 opel 
14 1 0.0173112 opel 
0 2 0.0266459 van 
16 11 0.0223752 saab 
17 15 0.0251773 opel 
15 2 0.0136534 opel 
16 4 0.0157318 saab 
18 3 0.0242156 opel 
11 18 0.0320226 opel 
18 11 0.0246689 opel 
14 1 0.0321233 opel 
15 2 0.0221835 opel 
16 6 0.0174615 opel 
17 4 0.0407742 opel 
18 4 0.0234735 saab 
15 0 0.00983127 opel 
18 5 0.015344 saab 
14 7 0.0163476 saab 
16 3 0.020183 saab 
19 6 0.0137411 saab 
5 6 0.01741 saab 
14 10 0.0219517 saab 
19 6 0.0302655 saab 
18 4 0.0297227 saab 
0 2 0.0317934 van 
18 6 0.033947 saab 
19 9 0.0179115 saab 
15 2 0.0291783 opel 
12 10 0.0210789 saab 
19 6 0.0208837 saab 
16 7 0.0265993 saab 
19 9 0.0234929 saab 
14 10 0.0148063 saab 
16 19 0.0267963 saab 
0 18 0.0187718 saab 
18 9 0.0177736 saab 
19 5 0.0242619 saab 
6 19 0.0200879 opel 
19 15 0.0211392 saab 
18 7 0.0145081 saab 
19 5 0.0168401 saab 
19 5 0.0191545 saab 
18 19 0.0123974 opel 
4 19 0.0170015 bus 
11 19 0.0162412 saab 
16 9 0.0146498 saab 
19 5 0.0242666 saab 
0 10 0.0289941 opel 
9 19 0.0168526 bus 
19 11 0.0203802 opel 
1 5 0.0242598 van 
19 12 0.016261 saab 
3 7 0.011256 van 
9 19 0.0173691 bus 
13 17 0.0263546 saab 
19 7 0.0288516 saab 
18 13 0.0268784 saab 
17 9 0.0184303 saab 
19 5 0.028589 saab 
16 12 0.022346 saab 
16 11 0.00989388 saab 
16 19 0.0120652 saab 
13 19 0.0157032 saab 
0 18 0.0177859 saab 
16 7 0.0239681 saab 
18 18 0.0287622 saab 
15 12 0.0131893 saab 
18 5 0.0302795 saab 
0 6 0.0215228 van 
8 11 0.0176777 bus 
19 7 0.0271282 saab 
10 13 0.0145022 bus 
0 10 0.0290718 opel 
19 10 0.0317814 saab 
10 12 0.018693 bus 
15 14 0.0199935 bus 
19 13 0.0275449 opel 
15 19 0.0229666 opel 
3 19 0.0276326 saab 
17 12 0.0285383 saab 
4 19 0.026332 bus 
7 14 0.0258465 saab 
4 8 0.0193484 saab 
12 12 0.0188429 saab 
11 15 0.0223506 saab 
10 19 0.0203583 saab 
1 19 0.0198177 bus 
19 18 0.0239394 bus 
4 0 0.020149 saab 
4 0 0.0165621 saab 
0 0 0.0171022 van 
0 0 0.0310373 van 
4 2 0.0206097 van 
3 2 0.0158163 opel 
0 0 0.0237397 van 
0 0 0.0238083 van 
0 0 0.0266074 van 
4 1 0.0216153 van 
3 0 0.0201107 van 
0 0 0.0317844 van 
3 0 0.0244908 van 
3 0 0.023379 van 
0 0 0.0314788 van 
3 1 0.022296 van 
0 0 0.0206776 van 
4 1 0.0159172 van 
0 0 0.0249007 van 
4 0 0.023879 saab 
0 0 0.0275758 van 
2 2 0.022115 opel 
5 2 0.0170296 van 
0 0 0.0160944 van 
4 2 0.019471 van 
5 2 0.0212095 van 
3 1 0.0266132 van 
0 0 0.024795 van 
3 2 0.0213999 opel 
2 1 0.0114815 van 
4 4 0.0204119 saab 
2 4 0.0204839 van 
3 4 0.0243524 saab 
1 2 0.02186 saab 
0 0 0.0196114 van 
1 3 0.0221249 van 
0 0 0.0325528 van 
0 4 0.0246314 van 
0 0 0.0174033 van 
11 0 0.0210188 van 
10 3 0.017274 van 
11 4 0.0143566 van 
10 3 0.014374 van 
10 3 0.0257894 van 
3 5 0.0208236 van 
10 3 0.0200915 van 
3 3 0.0229387 van 
11 4 0.0146912 van 
10 3 0.0170776 van 
11 4 0.0116175 van 
11 4 0.0179742 van 
11 2 0.0196468 van 
7 13 0.085328 van 
11 4 0.0191721 van 
11 2 0.017033 van 
11 4 0.0141212 van 
0 6 0.0200077 van 
10 5 0.0200337 van 
10 5 0.0158304 van 
10 4 0.0148619 van 
10 3 0.0169626 van 
11 2 0.0192229 van 
11 4 0.0160581 van 
0 8 0.0224296 van 
11 2 0.0168776 van 
10 6 0.0144971 van 
