3 hexa 10 1 bubble
3 0 0.020337 bus 
3 0 0.0195763 bus 
2 0 0.0230154 bus 
3 0 0.0252823 bus 
7 0 0.0599948 saab 
7 0 0.0513912 saab 
3 0 0.0399435 bus 
7 0 0.0627722 saab 
4 0 0.0347725 van 
6 0 0.0368019 saab 
3 0 0.019989 bus 
7 0 0.022736 saab 
2 0 0.0257576 bus 
7 0 0.0447285 saab 
6 0 0.0384518 saab 
7 0 0.0439749 saab 
4 0 0.0356865 van 
6 0 0.0277659 saab 
6 0 0.0418255 saab 
6 0 0.0341462 saab 
2 0 0.0207638 bus 
2 0 0.0262733 bus 
4 0 0.0394961 van 
7 0 0.0570288 saab 
7 0 0.0552546 saab 
6 0 0.0459363 saab 
3 0 0.0287465 bus 
5 0 0.0479876 bus 
3 0 0.0267711 bus 
3 0 0.0256638 bus 
4 0 0.032079 van 
6 0 0.0359549 saab 
5 0 0.0412884 bus 
2 0 0.0332307 bus 
4 0 0.0342048 van 
6 0 0.0371447 saab 
3 0 0.0385929 bus 
6 0 0.0386029 saab 
3 0 0.0296999 bus 
4 0 0.0361987 van 
3 0 0.0272407 bus 
6 0 0.0379297 saab 
6 0 0.0282762 saab 
5 0 0.0416204 bus 
5 0 0.0389086 bus 
4 0 0.0461204 van 
5 0 0.0463267 bus 
2 0 0.0375326 bus 
5 0 0.0299061 bus 
5 0 0.0455931 bus 
5 0 0.0434733 bus 
2 0 0.0230007 bus 
5 0 0.0384429 bus 
5 0 0.0374546 bus 
4 0 0.0252021 van 
5 0 0.0409834 bus 
4 0 0.0545727 van 
3 0 0.0331677 bus 
5 0 0.050614 bus 
5 0 0.0536344 bus 
3 0 0.0403941 bus 
3 0 0.0518713 bus 
4 0 0.0572719 van 
5 0 0.0407245 bus 
5 0 0.0259887 bus 
3 0 0.0339197 bus 
4 0 0.0452359 van 
5 0 0.0434745 bus 
4 0 0.0356504 van 
4 0 0.0351095 van 
3 0 0.0317818 bus 
3 0 0.0535653 bus 
3 0 0.0346398 bus 
0 0 0.0303761 van 
3 0 0.0428861 bus 
0 0 0.094946 van 
0 0 0.0573596 van 
0 0 0.0516158 van 
0 0 0.0711779 van 
0 0 0.0297522 van 
0 0 0.0282328 van 
0 0 0.0613006 van 
0 0 0.0269283 van 
2 0 0.0334045 bus 
0 0 0.0300574 van 
2 0 0.0307576 bus 
0 0 0.0859533 van 
0 0 0.0235448 van 
3 0 0.0234408 bus 
0 0 0.0271648 van 
2 0 0.0190423 bus 
0 0 0.0245021 van 
0 0 0.0175166 van 
3 0 0.021818 bus 
3 0 0.0335896 bus 
1 0 0.0247969 van 
1 0 0.0210128 van 
0 0 0.0392495 van 
0 0 0.0236578 van 
4 0 0.0275086 van 
5 0 0.0329361 bus 
1 0 0.02832 van 
0 0 0.037046 van 
3 0 0.0310531 bus 
9 0 0.0447309 opel 
1 0 0.0268479 van 
5 0 0.0388487 bus 
5 0 0.0373108 bus 
3 0 0.0143773 bus 
5 0 0.0432108 bus 
9 0 0.0311896 opel 
8 0 0.0228936 opel 
9 0 0.0489478 opel 
2 0 0.0306648 bus 
3 0 0.0325336 bus 
3 0 0.0242737 bus 
5 0 0.0408095 bus 
9 0 0.0398617 opel 
6 0 0.0268782 saab 
9 0 0.0433428 opel 
8 0 0.0497763 opel 
9 0 0.0215597 opel 
8 0 0.0401303 opel 
9 0 0.0402669 opel 
9 0 0.0379084 opel 
9 0 0.0539763 opel 
2 0 0.0239799 bus 
6 0 0.0459683 saab 
9 0 0.0324843 opel 
0 0 0.0489783 van 
7 0 0.0225482 saab 
7 0 0.0443524 saab 
9 0 0.0311569 opel 
9 0 0.0235551 opel 
9 0 0.0850241 opel 
5 0 0.0387656 bus 
8 0 0.0310362 opel 
9 0 0.0428067 opel 
9 0 0.0245716 opel 
9 0 0.0272267 opel 
9 0 0.0636881 opel 
9 0 0.0593979 opel 
9 0 0.0448088 opel 
9 0 0.0309178 opel 
7 0 0.0336584 saab 
9 0 0.0475183 opel 
9 0 0.0259026 opel 
2 0 0.0262867 bus 
7 0 0.055236 saab 
9 0 0.0457961 opel 
9 0 0.0609857 opel 
0 0 0.0589271 van 
9 0 0.0419848 opel 
8 0 0.0288302 opel 
9 0 0.0280961 opel 
6 0 0.0409018 saab 
9 0 0.0336973 opel 
8 0 0.0266461 opel 
8 0 0.0239398 opel 
7 0 0.046174 saab 
6 0 0.0383312 saab 
3 0 0.0440437 bus 
8 0 0.0195835 opel 
9 0 0.0513513 opel 
5 0 0.0437339 bus 
7 0 0.0335387 saab 
9 0 0.0264395 opel 
9 0 0.0413749 opel 
9 0 0.0451075 opel 
6 0 0.046985 saab 
4 0 0.0462585 van 
5 0 0.0452662 bus 
8 0 0.0319497 opel 
9 0 0.049169 opel 
1 0 0.0469476 van 
5 0 0.0426269 bus 
8 0 0.0347084 opel 
0 0 0.0341925 van 
7 0 0.0420403 saab 
2 0 0.0255688 bus 
5 0 0.0426782 bus 
6 0 0.0298131 saab 
9 0 0.0391413 opel 
7 0 0.0291283 saab 
8 0 0.0265502 opel 
9 0 0.0520099 opel 
7 0 0.0339207 saab 
7 0 0.0229949 saab 
6 0 0.0336292 saab 
6 0 0.0305228 saab 
3 0 0.0469324 bus 
8 0 0.0344587 opel 
6 0 0.0568938 saab 
7 0 0.0470519 saab 
9 0 0.0482531 opel 
0 0 0.0355995 van 
4 0 0.0250718 van 
9 0 0.0294195 opel 
5 0 0.0284613 bus 
1 0 0.0500811 van 
8 0 0.0372422 opel 
5 0 0.0220814 bus 
7 0 0.0556009 saab 
7 0 0.0404705 saab 
6 0 0.0401228 saab 
4 0 0.0508134 van 
7 0 0.0321097 saab 
4 0 0.0543665 van 
4 0 0.0264849 van 
2 0 0.0322993 bus 
6 0 0.0256474 saab 
6 0 0.0357706 saab 
5 0 0.0473234 bus 
3 0 0.050039 bus 
7 0 0.064141 saab 
0 0 0.0327144 van 
0 0 0.0307463 van 
0 0 0.0576246 van 
0 0 0.0776232 van 
0 0 0.0257812 van 
0 0 0.0240872 van 
0 0 0.0663769 van 
0 0 0.0721639 van 
0 0 0.0746328 van 
0 0 0.0337932 van 
0 0 0.0358789 van 
0 0 0.0756882 van 
0 0 0.040504 van 
0 0 0.0412234 van 
0 0 0.0785062 van 
0 0 0.0331597 van 
0 0 0.0601535 van 
1 0 0.0258292 van 
0 0 0.0727889 van 
0 0 0.0331048 van 
0 0 0.0755698 van 
0 0 0.0339539 van 
1 0 0.0218765 van 
0 0 0.05898 van 
0 0 0.0254247 van 
1 0 0.0304411 van 
0 0 0.0287486 van 
0 0 0.0665268 van 
0 0 0.0284038 van 
0 0 0.0336053 van 
1 0 0.0257536 van 
0 0 0.0258246 van 
1 0 0.0234829 van 
0 0 0.0472803 van 
0 0 0.0667621 van 
0 0 0.0323825 van 
0 0 0.0801407 van 
0 0 0.0423493 van 
0 0 0.0622818 van 
3 0 0.0487764 bus 
3 0 0.0415024 bus 
4 0 0.0403613 van 
3 0 0.0363569 bus 
3 0 0.0456712 bus 
1 0 0.0266155 van 
3 0 0.0454336 bus 
0 0 0.026858 van 
4 0 0.040599 van 
3 0 0.0376066 bus 
4 0 0.0372237 van 
4 0 0.0441801 van 
4 0 0.046215 van 
4 0 0.105497 van 
4 0 0.0428749 van 
4 0 0.0389324 van 
4 0 0.0412654 van 
0 0 0.0285762 van 
3 0 0.0381147 bus 
4 0 0.0368076 van 
3 0 0.030222 bus 
3 0 0.0384908 bus 
4 0 0.0382986 van 
4 0 0.0386604 van 
1 0 0.0258995 van 
4 0 0.0420957 van 
4 0 0.0270202 van 
