3 hexa 10 1 bubble
9 0 0.173548 opel 
3 0 0.0333063 bus 
9 0 0.196694 opel 
3 0 0.0487884 bus 
3 0 0.0248555 bus 
3 0 0.0395872 bus 
3 0 0.0425553 bus 
3 0 0.0305181 bus 
3 0 0.0387363 bus 
9 0 0.0686052 opel 
9 0 0.1154 opel 
3 0 0.0217852 bus 
2 0 0.0240546 bus 
3 0 0.0408128 bus 
9 0 0.244769 opel 
3 0 0.0270903 bus 
3 0 0.0345633 bus 
9 0 0.15699 opel 
2 0 0.0295753 bus 
3 0 0.0368956 bus 
3 0 0.0240958 bus 
9 0 0.102567 opel 
3 0 0.0197129 bus 
2 0 0.0273657 bus 
3 0 0.0286392 bus 
3 0 0.0389685 bus 
3 0 0.0251023 bus 
3 0 0.0225164 bus 
9 0 0.0585565 opel 
3 0 0.022593 bus 
3 0 0.0357562 bus 
9 0 0.0191846 opel 
2 0 0.0213236 bus 
9 0 0.0275174 opel 
9 0 0.0441715 opel 
3 0 0.043646 bus 
3 0 0.0129676 bus 
3 0 0.0316762 bus 
9 0 0.0534504 opel 
3 0 0.0322352 bus 
8 0 0.0288901 opel 
4 0 0.0273053 van 
3 0 0.0167309 bus 
9 0 0.0221365 opel 
7 0 0.0358557 saab 
3 0 0.0215247 bus 
3 0 0.0294444 bus 
3 0 0.0335863 bus 
8 0 0.0393983 opel 
7 0 0.0415453 saab 
3 0 0.03852 bus 
3 0 0.0297745 bus 
4 0 0.0300744 van 
3 0 0.0114349 bus 
8 0 0.023662 opel 
7 0 0.0309658 saab 
4 0 0.0127254 van 
8 0 0.0174556 opel 
2 0 0.0283631 bus 
2 0 0.0287031 bus 
3 0 0.0151299 bus 
8 0 0.0292924 opel 
3 0 0.0130389 bus 
4 0 0.0318121 van 
7 0 0.0279856 saab 
4 0 0.035835 van 
7 0 0.0371749 saab 
7 0 0.0478737 saab 
2 0 0.0162724 bus 
7 0 0.0397483 saab 
3 0 0.0182312 bus 
4 0 0.0217512 van 
4 0 0.0273929 van 
9 0 0.0330087 opel 
7 0 0.0617527 saab 
9 0 0.0576695 opel 
4 0 0.0281486 van 
9 0 0.0489241 opel 
9 0 0.0592185 opel 
9 0 0.0427817 opel 
9 0 0.0704376 opel 
9 0 0.0846942 opel 
9 0 0.0736793 opel 
4 0 0.0179683 van 
8 0 0.0265833 opel 
9 0 0.0622562 opel 
9 0 0.0360435 opel 
9 0 0.0490882 opel 
8 0 0.0407636 opel 
8 0 0.0281401 opel 
9 0 0.0759974 opel 
9 0 0.0333522 opel 
8 0 0.035672 opel 
9 0 0.031431 opel 
8 0 0.038833 opel 
9 0 0.0514992 opel 
9 0 0.0497264 opel 
9 0 0.0273949 opel 
9 0 0.0657356 opel 
3 0 0.0253418 bus 
6 0 0.0421899 saab 
2 0 0.0245867 bus 
3 0 0.03487 bus 
9 0 0.0439631 opel 
9 0 0.0908148 opel 
7 0 0.0246714 saab 
9 0 0.0532901 opel 
1 0 0.0213801 van 
7 0 0.0413907 saab 
9 0 0.0755085 opel 
7 0 0.0297675 saab 
3 0 0.0255767 bus 
9 0 0.051023 opel 
6 0 0.0441126 saab 
4 0 0.0337372 van 
9 0 0.0691619 opel 
5 0 0.0166848 opel 
7 0 0.0588438 saab 
9 0 0.0297621 opel 
9 0 0.0626734 opel 
9 0 0.0903968 opel 
6 0 0.0351341 saab 
5 0 0.0360186 opel 
9 0 0.0769743 opel 
5 0 0.0352389 opel 
9 0 0.0490173 opel 
3 0 0.0396643 bus 
5 0 0.0356911 opel 
2 0 0.0226853 bus 
8 0 0.051173 opel 
9 0 0.0803316 opel 
9 0 0.0635875 opel 
0 0 0.0315705 van 
7 0 0.0544993 saab 
9 0 0.0920684 opel 
9 0 0.0331225 opel 
9 0 0.0557849 opel 
5 0 0.0336581 opel 
8 0 0.039374 opel 
9 0 0.0694532 opel 
9 0 0.0332525 opel 
9 0 0.0449506 opel 
6 0 0.0399892 saab 
6 0 0.0316111 saab 
9 0 0.043066 opel 
8 0 0.0287355 opel 
9 0 0.0209672 opel 
5 0 0.0337665 opel 
8 0 0.0410177 opel 
7 0 0.0429781 saab 
4 0 0.0422146 van 
9 0 0.0468388 opel 
9 0 0.0428759 opel 
9 0 0.0639882 opel 
9 0 0.0237379 opel 
8 0 0.0222753 opel 
7 0 0.0292644 saab 
9 0 0.037107 opel 
7 0 0.0226131 saab 
9 0 0.046543 opel 
9 0 0.034901 opel 
6 0 0.0482029 saab 
7 0 0.0517135 saab 
8 0 0.0209213 opel 
6 0 0.0267975 saab 
5 0 0.0362601 opel 
9 0 0.0258149 opel 
3 0 0.0308649 bus 
9 0 0.0177934 opel 
8 0 0.0197717 opel 
9 0 0.020755 opel 
9 0 0.0195576 opel 
7 0 0.028507 saab 
9 0 0.0312001 opel 
9 0 0.0334803 opel 
6 0 0.0502887 saab 
9 0 0.0486529 opel 
9 0 0.0448786 opel 
9 0 0.0287416 opel 
8 0 0.0263815 opel 
8 0 0.0316469 opel 
9 0 0.0345343 opel 
5 0 0.0392584 opel 
6 0 0.0587495 saab 
9 0 0.0555961 opel 
7 0 0.0556109 saab 
7 0 0.049096 saab 
5 0 0.0473584 opel 
5 0 0.0303006 opel 
9 0 0.0469547 opel 
6 0 0.0307194 saab 
9 0 0.0555961 opel 
9 0 0.0289159 opel 
9 0 0.0438381 opel 
9 0 0.0499783 opel 
9 0 0.0273245 opel 
5 0 0.0455573 opel 
9 0 0.0168132 opel 
4 0 0.0263475 van 
8 0 0.0482117 opel 
9 0 0.0545316 opel 
8 0 0.0443067 opel 
9 0 0.044517 opel 
9 0 0.0533237 opel 
7 0 0.0358575 saab 
7 0 0.0267163 saab 
6 0 0.0300597 saab 
2 0 0.0407819 bus 
9 0 0.024307 opel 
8 0 0.0353361 opel 
9 0 0.052364 opel 
4 0 0.0444807 van 
5 0 0.0438214 opel 
6 0 0.0316177 saab 
9 0 0.0332853 opel 
9 0 0.0306804 opel 
5 0 0.0262086 opel 
4 0 0.026604 van 
4 0 0.0414376 van 
5 0 0.1914 opel 
4 0 0.043141 van 
4 0 0.0392964 van 
0 0 0.023654 van 
0 0 0.0783299 van 
5 0 0.179662 opel 
0 0 0.0307564 van 
0 0 0.0339456 van 
4 0 0.0470118 van 
1 0 0.0255944 van 
4 0 0.0275185 van 
0 0 0.0670407 van 
4 0 0.0328958 van 
4 0 0.0393492 van 
4 0 0.0276259 van 
1 0 0.0306066 van 
4 0 0.0318502 van 
3 0 0.0309571 bus 
3 0 0.0446606 bus 
5 0 0.0350842 opel 
4 0 0.0266099 van 
0 0 0.0256568 van 
4 0 0.0379149 van 
4 0 0.0202664 van 
0 0 0.0427102 van 
0 0 0.0338819 van 
4 0 0.0295357 van 
3 0 0.0308956 bus 
2 0 0.0270671 bus 
5 0 0.0331493 opel 
4 0 0.0271797 van 
3 0 0.0273981 bus 
4 0 0.0339253 van 
5 0 0.23754 opel 
2 0 0.0226859 bus 
4 0 0.0952488 van 
1 0 0.0284989 van 
2 0 0.0265048 bus 
5 0 0.0357713 opel 
3 0 0.01664 bus 
2 0 0.0166296 bus 
4 0 0.0377318 van 
3 0 0.0323818 bus 
3 0 0.0320811 bus 
4 0 0.0303845 van 
1 0 0.0243872 van 
2 0 0.0172304 bus 
4 0 0.0258947 van 
4 0 0.0308794 van 
3 0 0.028882 bus 
0 0 0.0663715 van 
0 0 0.046364 van 
3 0 0.0197846 bus 
3 0 0.0241456 bus 
