3 hexa 1 10 bubble
0 6 0.0191062 bus 
0 6 0.020215 bus 
0 7 0.0238265 bus 
0 6 0.0251323 bus 
0 2 0.0529631 saab 
0 2 0.0422703 saab 
0 6 0.0394414 bus 
0 2 0.0559105 saab 
0 4 0.0339559 bus 
0 3 0.0389539 saab 
0 6 0.0192494 bus 
0 2 0.0212656 saab 
0 7 0.0265029 bus 
0 2 0.0366775 saab 
0 3 0.0393857 saab 
0 2 0.0364573 saab 
0 5 0.036272 van 
0 3 0.0295825 saab 
0 3 0.041413 saab 
0 3 0.0361413 saab 
0 7 0.0200986 bus 
0 7 0.0262665 bus 
0 5 0.039968 van 
0 2 0.048412 saab 
0 2 0.046851 saab 
0 3 0.0470247 saab 
0 6 0.0274896 bus 
0 4 0.050573 bus 
0 6 0.0260401 bus 
0 6 0.0250754 bus 
0 5 0.032335 van 
0 3 0.0365921 saab 
0 4 0.0434183 bus 
0 7 0.0336032 bus 
0 5 0.0341382 van 
0 3 0.0385339 saab 
0 6 0.0383994 bus 
0 3 0.0390574 saab 
0 6 0.0301493 bus 
0 5 0.0369271 van 
0 6 0.0258157 bus 
0 3 0.0380981 saab 
0 3 0.0266002 saab 
0 4 0.0415856 bus 
0 4 0.0410753 bus 
0 5 0.0462452 van 
0 4 0.0494819 bus 
0 7 0.0380369 bus 
0 4 0.0304684 bus 
0 3 0.0462886 saab 
0 4 0.0453038 bus 
0 7 0.0237052 bus 
0 4 0.0421459 bus 
0 4 0.0414026 bus 
0 5 0.0254299 van 
0 3 0.0434339 saab 
0 5 0.0549017 van 
0 6 0.0323318 bus 
0 4 0.0500422 bus 
0 4 0.0547077 bus 
0 6 0.0395539 bus 
0 6 0.050886 bus 
0 5 0.0574249 van 
0 4 0.0404853 bus 
0 4 0.0277292 bus 
0 6 0.0341443 bus 
0 5 0.04534 van 
0 3 0.0455462 saab 
0 5 0.036041 van 
0 5 0.035774 van 
0 6 0.0308391 bus 
0 6 0.0525026 bus 
0 6 0.0342293 bus 
0 9 0.0327313 van 
0 6 0.0431839 bus 
0 9 0.0998583 van 
0 9 0.0617395 van 
0 9 0.0563162 van 
0 9 0.0760427 van 
0 9 0.0322097 van 
0 9 0.0309098 van 
0 9 0.0660955 van 
0 9 0.0259563 van 
0 6 0.0334631 bus 
0 9 0.0341444 van 
0 7 0.0307839 bus 
0 9 0.0908607 van 
0 9 0.0236206 van 
0 6 0.023427 bus 
0 9 0.0310454 van 
0 7 0.0198677 bus 
0 9 0.0274787 van 
0 9 0.0210738 van 
0 6 0.0231831 bus 
0 6 0.0330795 bus 
0 8 0.0238578 van 
0 8 0.0192685 van 
0 9 0.0439384 van 
0 9 0.0224523 van 
0 5 0.0270621 van 
0 4 0.0310245 bus 
0 9 0.0278683 van 
0 9 0.0415869 van 
0 6 0.030954 bus 
0 0 0.0495418 opel 
0 8 0.0272459 van 
0 4 0.037322 bus 
0 4 0.0402519 bus 
0 6 0.0150728 bus 
0 4 0.0445461 bus 
0 0 0.028935 opel 
0 1 0.0275324 opel 
0 0 0.0537752 opel 
0 7 0.0308062 bus 
0 6 0.0314536 bus 
0 6 0.0244701 bus 
0 4 0.0385288 bus 
0 0 0.0431222 opel 
0 3 0.0273564 saab 
0 0 0.0488338 opel 
0 1 0.0529636 opel 
0 0 0.0244856 opel 
0 1 0.0307232 opel 
0 0 0.0417829 opel 
0 0 0.0438167 opel 
0 0 0.0635124 opel 
0 7 0.0239862 bus 
0 3 0.0452655 saab 
0 0 0.0310355 opel 
0 9 0.0533472 van 
0 2 0.0280537 saab 
0 2 0.0378894 saab 
0 0 0.0384748 opel 
0 0 0.0304462 opel 
0 0 0.0954099 opel 
0 4 0.0413371 bus 
0 1 0.0252471 opel 
0 0 0.0440999 opel 
0 0 0.0269169 opel 
0 0 0.0250896 opel 
0 0 0.0720101 opel 
0 0 0.0691186 opel 
0 0 0.0546443 opel 
0 0 0.0406556 opel 
0 2 0.0376478 saab 
0 0 0.0575047 opel 
0 0 0.0323291 opel 
0 7 0.0267955 bus 
0 2 0.0493604 saab 
0 0 0.0523842 opel 
0 0 0.0704112 opel 
0 9 0.0632776 van 
0 0 0.0464742 opel 
0 0 0.029542 opel 
0 0 0.0330278 opel 
0 3 0.0403356 saab 
0 0 0.0384119 opel 
0 0 0.0317104 opel 
0 0 0.0306646 opel 
0 2 0.0383286 saab 
0 3 0.0392494 saab 
0 6 0.0428138 bus 
0 1 0.0283386 opel 
0 0 0.0607274 opel 
0 4 0.042917 bus 
0 2 0.0322469 saab 
0 0 0.0258377 opel 
0 0 0.0508412 opel 
0 0 0.0546808 opel 
0 3 0.0487889 saab 
0 5 0.0462611 van 
0 4 0.0489246 bus 
0 1 0.0248748 opel 
0 0 0.0575449 opel 
0 8 0.0460198 van 
0 4 0.0448912 bus 
0 1 0.0293946 opel 
0 9 0.0368578 van 
0 1 0.0343839 opel 
0 7 0.0248244 bus 
0 4 0.0451223 bus 
0 3 0.0311575 saab 
0 0 0.0418816 opel 
0 2 0.0344602 saab 
0 1 0.0301184 opel 
0 0 0.0608099 opel 
0 2 0.0289235 saab 
0 2 0.0298274 saab 
0 3 0.035805 saab 
0 3 0.0317617 saab 
0 6 0.0456094 bus 
0 0 0.0371653 opel 
0 3 0.0579468 saab 
0 2 0.0396207 saab 
0 0 0.0554386 opel 
0 9 0.0368836 van 
0 5 0.0257126 van 
0 0 0.0304767 opel 
0 4 0.0319531 bus 
0 8 0.0489456 van 
0 1 0.0409972 opel 
0 4 0.0233683 bus 
0 2 0.0464947 saab 
0 2 0.0456894 saab 
0 3 0.0421104 saab 
0 5 0.0508709 van 
0 2 0.0356004 saab 
0 5 0.054432 van 
0 5 0.0266059 van 
0 7 0.0319666 bus 
0 3 0.0255264 saab 
0 3 0.0359713 saab 
0 4 0.0506872 bus 
0 6 0.0490956 bus 
0 2 0.0567973 saab 
0 9 0.0352485 van 
0 9 0.0326547 van 
0 9 0.0624055 van 
0 9 0.0824823 van 
0 9 0.0262812 van 
0 9 0.027493 van 
0 9 0.07111 van 
0 9 0.0770871 van 
0 9 0.0795367 van 
0 9 0.0332694 van 
0 9 0.0389111 van 
0 9 0.0804001 van 
0 9 0.0434519 van 
0 9 0.0443699 van 
0 9 0.0833419 van 
0 9 0.0359756 van 
0 9 0.0648258 van 
0 9 0.0257524 van 
0 9 0.0777307 van 
0 9 0.0355073 van 
0 9 0.0805355 van 
0 9 0.0380025 van 
0 8 0.0227865 van 
0 9 0.0638718 van 
0 9 0.0263669 van 
0 8 0.0309516 van 
0 9 0.0305771 van 
0 9 0.0712853 van 
0 9 0.0314127 van 
0 9 0.0382015 van 
0 8 0.0271134 van 
0 9 0.029086 van 
0 9 0.0221063 van 
0 9 0.051804 van 
0 9 0.071811 van 
0 9 0.0361309 van 
0 9 0.0850981 van 
0 9 0.0465514 van 
0 9 0.0673057 van 
0 6 0.0499222 bus 
0 6 0.0426172 bus 
0 5 0.0401852 van 
0 6 0.0377096 bus 
0 6 0.0470143 bus 
0 8 0.0275459 van 
0 6 0.0467838 bus 
0 9 0.0288475 van 
0 5 0.0403831 van 
0 6 0.0388941 bus 
0 5 0.0371031 van 
0 5 0.0439658 van 
0 5 0.0459653 van 
0 5 0.106001 van 
0 5 0.0427415 van 
0 5 0.038589 van 
0 5 0.0410628 van 
0 9 0.0312053 van 
0 6 0.0395498 bus 
0 5 0.0366123 van 
0 6 0.0314287 bus 
0 6 0.039491 bus 
0 5 0.0378621 van 
0 5 0.0386107 van 
0 9 0.0245913 van 
0 5 0.041781 van 
0 5 0.0268341 van 
