3 hexa 15 15 bubble
14 14 0.070432 bus 
0 1 0.0100266 
14 14 0.100086 bus 
1 0 0.020279 bus 
2 3 0.0166561 van 
3 3 0.0314228 van 
3 0 0.0179992 bus 
3 1 0.0158957 
2 0 0.0134753 bus 
13 14 0.0218344 bus 
14 14 0.0259359 bus 
2 3 0.0148728 van 
1 4 0.0158855 opel 
3 3 0.0288013 van 
14 14 0.138638 bus 
4 2 0.0191104 saab 
2 0 0.0103394 bus 
14 14 0.051667 bus 
1 4 0.0153789 opel 
4 0 0.0190703 van 
4 4 0.0188593 van 
14 13 0.0171364 
2 3 0.0228348 van 
1 5 0.0173051 
2 3 0.0145556 van 
3 2 0.0250421 opel 
3 1 0.0141015 
3 3 0.0194009 van 
12 14 0.036859 saab 
1 3 0.0183144 saab 
4 4 0.0260985 van 
13 9 0.0219969 opel 
2 4 0.0216086 bus 
12 12 0.0237783 opel 
12 12 0.0364773 opel 
4 0 0.0245685 van 
3 3 0.0192996 van 
5 6 0.022114 bus 
13 12 0.0201526 opel 
3 3 0.0210748 van 
14 6 0.0308425 opel 
5 5 0.0201566 bus 
2 4 0.0199757 bus 
14 8 0.0204839 saab 
10 13 0.0272241 opel 
4 9 0.0253299 van 
1 3 0.0147438 saab 
1 3 0.0154305 saab 
11 11 0.0397142 saab 
12 6 0.0326515 opel 
2 5 0.0251974 
3 2 0.0138895 opel 
5 2 0.0167791 saab 
3 3 0.016694 van 
13 7 0.0241085 saab 
10 13 0.0216237 opel 
6 10 0.0233173 bus 
14 6 0.020404 opel 
2 6 0.0160962 van 
2 6 0.014892 van 
4 9 0.0231463 van 
11 9 0.0184845 opel 
5 10 0.0160165 bus 
5 3 0.01808 van 
11 8 0.023425 saab 
5 4 0.0205153 van 
13 3 0.0244973 
10 8 0.0234736 opel 
3 9 0.0120266 van 
14 3 0.0201588 saab 
4 10 0.0178984 van 
5 9 0.0198772 van 
6 9 0.0142278 bus 
14 9 0.032161 saab 
14 1 0.0343696 
13 11 0.0355054 saab 
6 3 0.014216 
13 11 0.0262586 saab 
14 11 0.0242539 opel 
14 9 0.0369723 saab 
14 11 0.0447273 opel 
14 12 0.0295067 opel 
14 11 0.0257686 opel 
6 3 0.0163181 
11 13 0.0181244 opel 
14 11 0.0224193 opel 
14 10 0.0239412 opel 
13 11 0.0309637 saab 
11 10 0.0203271 opel 
14 6 0.0146019 opel 
14 11 0.0282352 opel 
14 7 0.0289304 opel 
13 7 0.0323959 saab 
13 9 0.026919 opel 
11 14 0.0319967 opel 
13 12 0.0163917 opel 
14 8 0.0420099 saab 
14 9 0.0201268 saab 
14 11 0.0209676 opel 
4 4 0.0165093 van 
9 11 0.0163392 saab 
0 6 0.0149953 saab 
5 13 0.0151551 bus 
13 11 0.0104764 saab 
14 12 0.0255385 opel 
11 8 0.0207797 saab 
13 11 0.0339704 saab 
1 8 0.0153527 
10 10 0.0181952 opel 
14 11 0.0360922 opel 
13 4 0.0108285 opel 
3 4 0.0175944 bus 
12 14 0.0280153 saab 
9 14 0.0288001 opel 
6 12 0.0145142 bus 
12 13 0.0339078 opel 
8 2 0.0115288 
10 14 0.0239341 bus 
12 12 0.0229129 opel 
12 13 0.0233459 opel 
14 12 0.0242723 opel 
12 0 0.0118902 opel 
9 1 0.0138324 opel 
13 14 0.0248963 bus 
9 2 0.0127599 
12 14 0.040508 saab 
5 14 0.0194152 saab 
7 14 0.0229507 opel 
0 5 0.0222938 saab 
14 5 0.0322319 
13 14 0.034419 bus 
14 11 0.0342675 opel 
2 14 0.0221283 van 
14 2 0.0304207 
14 12 0.0401093 opel 
12 14 0.0195241 saab 
12 13 0.0289644 opel 
7 13 0.0189204 bus 
13 5 0.0150521 
14 11 0.0372044 opel 
14 10 0.014066 opel 
13 11 0.0260263 saab 
12 0 0.0174447 opel 
8 11 0.0190633 saab 
13 11 0.0256739 saab 
11 9 0.0207488 opel 
14 9 0.0179396 saab 
7 14 0.0109911 opel 
14 7 0.0417749 opel 
10 8 0.01931 opel 
6 11 0.0177797 
14 9 0.0310791 saab 
14 7 0.0304497 opel 
14 11 0.0388069 opel 
14 8 0.0259398 saab 
12 8 0.0154406 saab 
11 10 0.0215597 opel 
14 8 0.0392835 saab 
11 6 0.0213018 
13 11 0.0221149 saab 
14 10 0.0199185 opel 
9 9 0.0168989 saab 
14 4 0.0283948 saab 
12 10 0.0165098 saab 
8 11 0.0146309 saab 
9 1 0.0124236 opel 
12 12 0.0283118 opel 
4 3 0.0187388 
11 13 0.0182117 opel 
13 7 0.0149485 saab 
14 8 0.0174197 saab 
14 8 0.0162148 saab 
11 7 0.0152464 
14 10 0.0152685 opel 
14 10 0.0157835 opel 
9 9 0.0117056 saab 
14 9 0.0280274 saab 
13 11 0.0136185 saab 
12 12 0.0241462 opel 
13 6 0.015391 saab 
14 7 0.0164887 opel 
14 9 0.0240881 saab 
8 14 0.0109893 opel 
13 0 0.0254555 
13 11 0.0264736 saab 
14 1 0.0248116 
9 9 0.014526 saab 
8 14 0.0166349 opel 
7 3 0.0114473 
13 11 0.0203291 saab 
11 0 0.0171175 bus 
14 11 0.0214991 opel 
12 11 0.0208539 
13 11 0.0194158 saab 
12 13 0.0209217 opel 
14 10 0.016951 opel 
8 12 0.0148742 saab 
14 8 0.0148053 saab 
6 3 0.0126711 
14 7 0.0324617 opel 
14 11 0.0147538 opel 
14 5 0.0256956 
13 11 0.0130265 saab 
13 11 0.0295066 saab 
10 10 0.0200605 opel 
11 10 0.0186785 opel 
8 13 0.0249811 bus 
4 14 0.0238984 opel 
11 13 0.0166913 opel 
14 6 0.0208196 opel 
13 11 0.0260363 saab 
6 14 0.0201151 saab 
10 0 0.0176036 opel 
11 1 0.0147382 
14 10 0.0272688 opel 
12 14 0.0172041 saab 
7 6 0.0155911 
7 1 0.0153725 
6 0 0.0208918 van 
7 6 0.177813 
6 0 0.0203515 van 
7 0 0.0170965 van 
0 10 0.0184206 van 
0 14 0.0441284 van 
7 6 0.165646 
2 14 0.0199615 van 
0 12 0.0243595 van 
7 0 0.0278725 van 
0 7 0.016373 van 
6 0 0.0104305 van 
0 14 0.0348548 van 
6 1 0.0173136 van 
5 1 0.0188384 
5 3 0.015289 van 
3 12 0.0167114 saab 
5 0 0.0146698 van 
4 0 0.0188847 van 
3 2 0.0305344 opel 
8 0 0.0139548 opel 
5 3 0.0153753 van 
2 13 0.0173614 van 
7 0 0.0169515 van 
5 2 0.0110883 saab 
1 14 0.0269924 van 
0 10 0.028638 van 
6 2 0.0142331 van 
4 0 0.019604 van 
0 5 0.0155351 saab 
7 1 0.0241282 
5 3 0.0147376 van 
4 0 0.0190853 van 
5 1 0.0147183 
7 6 0.225872 
3 11 0.0120535 saab 
5 7 0.079252 van 
3 12 0.0183879 saab 
0 6 0.0172978 saab 
7 4 0.0178086 
4 2 0.0198492 saab 
3 9 0.00928607 van 
6 0 0.0187756 van 
4 1 0.0146614 
4 1 0.0163468 
5 0 0.0230069 van 
0 8 0.013829 van 
1 5 0.0158153 
6 1 0.017469 van 
7 2 0.0135909 opel 
2 4 0.0182651 bus 
0 14 0.0313297 van 
0 12 0.0318335 van 
2 3 0.0224106 van 
2 5 0.0143316 
