3 hexa 15 15 bubble
14 14 0.257924 opel 
5 0 0.0302056 bus 
5 0 0.0290008 bus 
6 0 0.0391162 bus 
14 14 0.285734 opel 
5 0 0.0263682 bus 
5 0 0.0265478 bus 
5 0 0.0285739 bus 
5 0 0.0228935 bus 
5 0 0.0236327 bus 
6 0 0.0301991 bus 
5 0 0.0261268 bus 
14 14 0.216437 opel 
5 0 0.0292418 bus 
14 14 0.183568 opel 
5 0 0.0238169 bus 
5 0 0.0311771 bus 
5 0 0.0274023 bus 
5 0 0.0293087 bus 
5 0 0.0271206 bus 
5 0 0.0307942 bus 
5 0 0.0351435 bus 
5 0 0.0315431 bus 
5 0 0.0261376 bus 
6 4 0.115009 saab 
14 14 0.24915 opel 
5 0 0.0294324 bus 
14 14 0.216475 opel 
14 14 0.183887 opel 
6 0 0.0301212 bus 
6 0 0.034691 bus 
14 14 0.161846 opel 
14 14 0.272434 opel 
5 0 0.0376099 bus 
6 0 0.0246197 bus 
5 0 0.022507 bus 
5 0 0.0190992 bus 
6 0 0.0234887 bus 
5 0 0.0268066 bus 
5 0 0.0281608 bus 
14 14 0.219146 opel 
6 0 0.017697 bus 
5 0 0.0259768 bus 
14 14 0.305978 opel 
14 14 0.241618 opel 
5 0 0.0245527 bus 
5 0 0.0218239 bus 
5 0 0.0192426 bus 
14 14 0.152907 opel 
6 0 0.0241486 bus 
5 2 0.0211409 bus 
14 14 0.240284 opel 
6 0 0.0245058 bus 
6 0 0.0268995 bus 
6 0 0.0188928 bus 
5 0 0.029133 bus 
14 14 0.138659 opel 
5 0 0.016459 bus 
14 14 0.0473658 opel 
14 14 0.14629 opel 
14 14 0.278564 opel 
14 14 0.112606 opel 
14 14 0.259546 opel 
6 0 0.0176919 bus 
5 0 0.0260849 bus 
6 0 0.0251662 bus 
14 14 0.133279 opel 
6 0 0.0302761 bus 
0 12 0.135497 van 
5 0 0.0166849 bus 
6 0 0.0222834 bus 
5 0 0.0186108 bus 
14 3 0.0290971 bus 
14 14 0.0326685 opel 
6 7 0.017441 bus 
4 14 0.010843 opel 
14 14 0.0271042 opel 
10 13 0.020878 opel 
13 3 0.0141877 saab 
14 13 0.0320531 saab 
7 14 0.021913 saab 
5 13 0.0171339 saab 
10 14 0.0278053 saab 
1 2 0.0262807 van 
4 13 0.0182867 bus 
12 9 0.0257533 saab 
8 4 0.0169435 van 
13 5 0.0271629 opel 
11 14 0.028098 opel 
8 9 0.0129332 bus 
10 10 0.018218 bus 
10 13 0.0217259 opel 
14 9 0.0263924 saab 
14 14 0.027647 opel 
10 12 0.0228088 bus 
9 5 0.0159091 
14 14 0.0259819 opel 
0 0 0.0354151 van 
0 5 0.0284179 opel 
10 14 0.0353421 saab 
9 14 0.0352347 opel 
9 9 0.0196039 saab 
9 14 0.0242817 opel 
0 4 0.0359963 van 
3 11 0.0233028 saab 
14 11 0.0301715 opel 
7 13 0.0194848 saab 
9 14 0.0307131 opel 
0 6 0.0222513 bus 
7 9 0.0193816 bus 
3 5 0.0203674 bus 
0 3 0.0341563 van 
12 14 0.0193917 opel 
9 13 0.0183554 opel 
0 6 0.0261282 bus 
6 13 0.0180896 bus 
8 11 0.0205301 opel 
6 7 0.0160137 bus 
2 10 0.0247225 opel 
4 13 0.027684 bus 
6 14 0.0276394 saab 
11 8 0.0205992 
2 11 0.023527 saab 
8 14 0.0298337 bus 
1 9 0.0222087 saab 
8 10 0.0219423 bus 
11 14 0.0389475 opel 
9 13 0.0303514 opel 
9 13 0.0349308 opel 
2 10 0.0201779 opel 
1 4 0.0237495 opel 
3 13 0.0229339 bus 
6 10 0.0201782 
0 2 0.0444573 van 
4 5 0.0208798 bus 
4 9 0.0206269 
3 14 0.0336768 bus 
7 10 0.0263283 
0 3 0.033468 van 
0 8 0.0306539 bus 
0 4 0.0396888 van 
2 5 0.0323348 bus 
2 10 0.032913 opel 
2 0 0.0312977 van 
0 0 0.0192116 van 
0 0 0.0701388 van 
0 3 0.0239152 van 
4 0 0.0316389 van 
3 0 0.0347951 van 
0 0 0.0165496 van 
1 2 0.0222438 van 
0 0 0.0246004 van 
0 0 0.0306958 van 
4 0 0.0292238 van 
3 0 0.0362334 van 
5 0 0.0230012 bus 
2 0 0.0230494 van 
5 1 0.0179836 bus 
1 2 0.0227393 van 
0 0 0.0629627 van 
5 0 0.0219511 bus 
3 1 0.0172872 opel 
0 3 0.0208473 van 
6 2 0.01281 bus 
0 1 0.0165817 opel 
6 0 0.0261062 bus 
0 0 0.01946 van 
0 5 0.0292785 opel 
4 2 0.0176718 bus 
3 0 0.009453 van 
0 0 0.0515597 van 
2 4 0.0240435 
0 0 0.0536744 van 
1 3 0.00801892 van 
2 4 0.0196475 
1 5 0.0296566 van 
3 9 0.0197755 
2 1 0.0196824 van 
5 0 0.0205392 bus 
10 2 0.0145188 
0 1 0.0159876 opel 
1 8 0.0235061 opel 
3 9 0.0265408 
2 6 0.0140806 bus 
9 4 0.0104501 
7 3 0.0177221 van 
4 11 0.0224564 saab 
6 2 0.0161787 bus 
14 9 0.0176996 saab 
12 11 0.0193329 opel 
0 9 0.0154468 bus 
0 0 0.0382215 van 
0 3 0.0159035 van 
11 4 0.0283676 opel 
8 4 0.0130986 van 
4 12 0.0170854 saab 
0 4 0.0283757 van 
0 9 0.0140173 bus 
3 12 0.0169911 saab 
0 3 0.0259787 van 
13 7 0.0138616 saab 
0 7 0.0237066 bus 
2 9 0.0162429 bus 
14 11 0.0300093 opel 
14 8 0.0224577 opel 
4 13 0.0211156 bus 
13 9 0.0169972 saab 
14 6 0.0162801 opel 
13 5 0.0251423 opel 
12 4 0.0351357 
14 3 0.0246374 bus 
14 7 0.0303506 opel 
12 12 0.0299503 opel 
2 11 0.0132 saab 
8 13 0.0262316 saab 
3 5 0.0263276 bus 
2 6 0.0142323 bus 
2 5 0.015388 bus 
0 0 0.0396954 van 
4 2 0.0234353 bus 
5 3 0.0209496 bus 
3 5 0.133362 bus 
4 7 0.0231714 saab 
3 3 0.0261679 bus 
6 5 0.0232037 bus 
5 1 0.0226336 bus 
1 5 0.0140953 van 
4 7 0.0236876 saab 
5 1 0.0286687 bus 
8 3 0.0235136 van 
0 2 0.0421829 van 
7 4 0.0293406 opel 
6 0 0.0272203 bus 
3 3 0.0233274 bus 
2 2 0.0259728 
0 3 0.0367665 van 
2 1 0.0339413 van 
0 3 0.0316489 van 
2 2 0.0258271 
1 5 0.0227994 van 
5 5 0.0190051 
1 1 0.0279285 van 
3 2 0.0239247 opel 
3 2 0.0263233 opel 
0 3 0.024403 van 
3 3 0.0281047 bus 
0 0 0.055018 van 
7 4 0.0179644 opel 
0 5 0.0285823 opel 
0 4 0.0150108 van 
4 8 0.022006 bus 
3 7 0.019717 bus 
5 5 0.0220792 
0 5 0.0229967 opel 
2 8 0.0281343 
0 2 0.0314663 van 
0 0 0.0535421 van 
0 0 0.0415897 van 
3 2 0.0286538 opel 
2 7 0.022312 bus 
0 4 0.0360283 van 
0 0 0.0473838 van 
2 1 0.030019 van 
4 5 0.0217109 bus 
3 5 0.0301315 bus 
0 4 0.0305902 van 
0 6 0.0234279 bus 
0 0 0.0355609 van 
0 7 0.0247915 bus 
3 4 0.0260689 van 
0 2 0.0397555 van 
0 5 0.0281128 opel 
0 2 0.0428895 van 
0 0 0.0443162 van 
1 6 0.0328747 opel 
3 4 0.0249938 van 
3 3 0.0357324 bus 
0 6 0.0259989 bus 
0 0 0.0478633 van 
0 3 0.0389078 van 
0 5 0.0386955 opel 
1 1 0.0375024 van 
0 0 0.0370614 van 
0 5 0.0361325 opel 
0 3 0.0377957 van 
0 4 0.0323168 van 
0 4 0.032713 van 
0 2 0.0454066 van 
3 2 0.0338421 opel 
0 1 0.038609 opel 
2 3 0.0384153 saab 
1 1 0.0403516 van 
