3 hexa 1 10 bubble
0 0 0.185681 opel 
0 6 0.0341604 bus 
0 0 0.208618 opel 
0 6 0.0497753 bus 
0 6 0.025671 bus 
0 6 0.0405079 bus 
0 6 0.0436238 bus 
0 6 0.0314317 bus 
0 6 0.0398057 bus 
0 0 0.0799839 opel 
0 0 0.127128 opel 
0 6 0.0226004 bus 
0 7 0.025127 bus 
0 6 0.0418151 bus 
0 0 0.25681 opel 
0 6 0.0278504 bus 
0 6 0.0354776 bus 
0 0 0.169084 opel 
0 7 0.0306141 bus 
0 6 0.0379386 bus 
0 6 0.0244009 bus 
0 0 0.114706 opel 
0 6 0.0199133 bus 
0 7 0.0282488 bus 
0 6 0.0297156 bus 
0 6 0.0400207 bus 
0 6 0.0260127 bus 
0 6 0.0232401 bus 
0 0 0.0665456 opel 
0 6 0.02292 bus 
0 6 0.036418 bus 
0 0 0.024642 opel 
0 6 0.0218936 bus 
0 0 0.0342909 opel 
0 0 0.0486209 opel 
0 6 0.044717 bus 
0 6 0.01323 bus 
0 6 0.0317223 bus 
0 0 0.0650385 opel 
0 6 0.0330895 bus 
0 1 0.0311617 opel 
0 5 0.0274808 van 
0 6 0.0169148 bus 
0 0 0.0249026 opel 
0 2 0.0371018 saab 
0 6 0.0213972 bus 
0 6 0.0303656 bus 
0 6 0.0346096 bus 
0 1 0.0418219 opel 
0 1 0.0336407 opel 
0 6 0.0391749 bus 
0 6 0.030825 bus 
0 5 0.0300861 van 
0 6 0.0119392 bus 
0 0 0.0279471 opel 
0 2 0.0313975 saab 
0 5 0.0128069 van 
0 1 0.0174118 opel 
0 7 0.0287839 bus 
0 7 0.0293724 bus 
0 6 0.0150113 bus 
0 1 0.0201041 opel 
0 6 0.0121423 bus 
0 5 0.0318477 van 
0 2 0.0302687 saab 
0 5 0.0360751 van 
0 2 0.037792 saab 
0 2 0.045203 saab 
0 7 0.016116 bus 
0 2 0.0407672 saab 
0 6 0.0177691 bus 
0 5 0.0221209 van 
0 5 0.0273457 van 
0 0 0.0395554 opel 
0 2 0.0607741 saab 
0 0 0.0679457 opel 
0 5 0.0278742 van 
0 0 0.0599098 opel 
0 0 0.0706213 opel 
0 0 0.0481635 opel 
0 0 0.080558 opel 
0 0 0.0963596 opel 
0 0 0.0853587 opel 
0 5 0.0177424 van 
0 0 0.0204455 opel 
0 0 0.073847 opel 
0 0 0.0456335 opel 
0 0 0.0591757 opel 
0 1 0.0321183 opel 
0 1 0.031659 opel 
0 0 0.0876964 opel 
0 0 0.0288626 opel 
0 1 0.0405686 opel 
0 0 0.0380543 opel 
0 1 0.0406581 opel 
0 0 0.0632509 opel 
0 0 0.0518832 opel 
0 0 0.036452 opel 
0 0 0.077359 opel 
0 6 0.0255694 bus 
0 3 0.0414267 saab 
0 7 0.0245712 bus 
0 6 0.0338771 bus 
0 0 0.0559034 opel 
0 0 0.102595 opel 
0 2 0.0272272 saab 
0 0 0.0633479 opel 
0 8 0.020745 van 
0 2 0.0397257 saab 
0 0 0.0865503 opel 
0 2 0.0313508 saab 
0 6 0.0262702 bus 
0 0 0.0600179 opel 
0 3 0.0449051 saab 
0 5 0.0338824 van 
0 0 0.0793066 opel 
0 4 0.0162625 opel 
0 2 0.0565194 saab 
0 0 0.0330161 opel 
0 0 0.0739259 opel 
0 0 0.102286 opel 
0 3 0.0339475 saab 
0 4 0.0359705 opel 
0 0 0.0882568 opel 
0 4 0.0349906 opel 
0 0 0.0565657 opel 
0 6 0.0387308 bus 
0 4 0.0358621 opel 
0 7 0.0231704 bus 
0 1 0.047687 opel 
0 0 0.0911786 opel 
0 0 0.0743693 opel 
0 9 0.0348245 van 
0 2 0.0535039 saab 
0 0 0.103452 opel 
0 0 0.0420526 opel 
0 0 0.0660355 opel 
0 4 0.034284 opel 
0 1 0.0320623 opel 
0 0 0.079948 opel 
0 0 0.0444738 opel 
0 0 0.0554474 opel 
0 3 0.0385974 saab 
0 3 0.0327954 saab 
0 0 0.053717 opel 
0 1 0.018915 opel 
0 0 0.0307972 opel 
0 4 0.0343448 opel 
0 0 0.040123 opel 
0 2 0.0407349 saab 
0 5 0.042185 van 
0 0 0.0561006 opel 
0 0 0.0410093 opel 
0 0 0.0743511 opel 
0 0 0.0244362 opel 
0 1 0.0230641 opel 
0 2 0.0320712 saab 
0 0 0.0373862 opel 
0 2 0.0221566 saab 
0 0 0.0577539 opel 
0 0 0.0458249 opel 
0 3 0.0475013 saab 
0 1 0.0495004 opel 
0 0 0.0227736 opel 
0 3 0.0285264 saab 
0 4 0.035979 opel 
0 0 0.0310179 opel 
0 6 0.0313742 bus 
0 0 0.0180616 opel 
0 0 0.0250565 opel 
0 0 0.0261044 opel 
0 0 0.0234612 opel 
0 2 0.0318534 saab 
0 0 0.0422041 opel 
0 0 0.0447155 opel 
0 3 0.0498144 saab 
0 0 0.0592212 opel 
0 0 0.0567322 opel 
0 0 0.031981 opel 
0 1 0.0225196 opel 
0 0 0.0298416 opel 
0 0 0.042454 opel 
0 4 0.0400299 opel 
0 3 0.0570237 saab 
0 0 0.066661 opel 
0 2 0.0543283 saab 
0 2 0.0464415 saab 
0 4 0.0480502 opel 
0 4 0.0298357 opel 
0 0 0.0583268 opel 
0 3 0.0292491 saab 
0 0 0.0671763 opel 
0 0 0.0372312 opel 
0 0 0.0552175 opel 
0 0 0.0609783 opel 
0 0 0.0378401 opel 
0 4 0.0465067 opel 
0 0 0.0203501 opel 
0 5 0.0260241 van 
0 0 0.0450962 opel 
0 0 0.0665013 opel 
0 1 0.0424613 opel 
0 0 0.0561494 opel 
0 0 0.0637385 opel 
0 2 0.0351154 saab 
0 2 0.0295675 saab 
0 3 0.0305366 saab 
0 7 0.0400549 bus 
0 0 0.0224321 opel 
0 1 0.03841 opel 
0 0 0.0632729 opel 
0 5 0.0446762 van 
0 4 0.043847 opel 
0 3 0.0305239 saab 
0 0 0.0420618 opel 
0 0 0.0413557 opel 
0 4 0.026415 opel 
0 5 0.026058 van 
0 5 0.0410709 van 
0 4 0.191831 opel 
0 5 0.0429404 van 
0 5 0.0389737 van 
0 9 0.0260012 van 
0 9 0.0841396 van 
0 4 0.180319 opel 
0 9 0.0350426 van 
0 9 0.0382407 van 
0 5 0.0468824 van 
0 8 0.0249087 van 
0 5 0.027338 van 
0 9 0.0727025 van 
0 5 0.0329 van 
0 5 0.0394895 van 
0 5 0.0279119 van 
0 8 0.0312562 van 
0 5 0.0317605 van 
0 6 0.0316006 bus 
0 6 0.045805 bus 
0 4 0.0340359 opel 
0 5 0.0268726 van 
0 9 0.0275304 van 
0 5 0.037673 van 
0 5 0.0205527 van 
0 9 0.0475101 van 
0 9 0.0362858 van 
0 5 0.0296573 van 
0 6 0.0314673 bus 
0 7 0.0279048 bus 
0 4 0.032439 opel 
0 5 0.0274258 van 
0 6 0.0279686 bus 
0 5 0.0339646 van 
0 4 0.238025 opel 
0 7 0.0217122 bus 
0 5 0.0956594 van 
0 8 0.0283793 van 
0 7 0.0266505 bus 
0 4 0.0353589 opel 
0 6 0.0169775 bus 
0 7 0.0166736 bus 
0 5 0.0376079 van 
0 6 0.0333492 bus 
0 6 0.0331059 bus 
0 5 0.0303755 van 
0 9 0.0228092 van 
0 7 0.0182621 bus 
0 5 0.0258683 van 
0 5 0.0307302 van 
0 6 0.0298931 bus 
0 9 0.0723684 van 
0 9 0.0508221 van 
0 6 0.0200171 bus 
0 6 0.0249277 bus 
