3 hexa 10 10 bubble
9 9 0.11091 
4 9 0.0103837 
9 9 0.137397 
4 9 0.0232956 
4 6 0.0198363 
4 7 0.0334833 
5 8 0.0193309 
5 8 0.0131863 
4 9 0.0168671 
9 9 0.0251257 
9 9 0.0572291 
4 6 0.0180012 
3 7 0.0173613 
4 6 0.031359 
9 9 0.182271 
5 6 0.0205702 
4 9 0.0129436 
9 9 0.0943247 
3 7 0.0206451 
5 8 0.0186661 
4 4 0.0227186 
9 9 0.0408748 
3 5 0.023147 
3 6 0.0210504 
4 6 0.0176591 
4 7 0.0256996 
4 7 0.0130328 
4 6 0.0216329 
8 9 0.0396709 
3 7 0.0172072 
3 5 0.0308912 
8 7 0.019693 
3 6 0.01966 
8 8 0.0276962 
8 8 0.041826 
5 8 0.0258214 
3 5 0.0187977 
3 3 0.0261909 
9 9 0.0231496 
4 6 0.0253029 
7 9 0.0229992 
4 3 0.0240064 
3 5 0.0202004 
8 7 0.0213312 
9 4 0.0390897 
2 3 0.0246054 
3 7 0.019206 
4 9 0.0189325 
9 5 0.0405379 
7 7 0.023487 
3 5 0.0310621 
4 7 0.0144881 
5 6 0.016314 
3 5 0.0152948 
9 6 0.0224746 
9 4 0.0359894 
4 2 0.0202656 
9 5 0.0195003 
2 5 0.021665 
2 5 0.0214183 
3 5 0.0213415 
8 6 0.0188362 
3 2 0.0172097 
4 5 0.0201519 
9 4 0.0265415 
4 5 0.0249343 
9 4 0.033633 
9 2 0.0213109 
0 3 0.0143979 
9 4 0.0365959 
2 3 0.0178667 
3 2 0.0199904 
4 1 0.0135987 
8 8 0.0288979 
7 5 0.0494023 
9 8 0.0386187 
5 4 0.0181058 
9 8 0.0269358 
9 9 0.0259289 
8 7 0.0408081 
9 9 0.0463599 
9 9 0.0330109 
9 9 0.0281002 
4 5 0.0169247 
9 6 0.021998 
9 9 0.0229922 
9 7 0.0257396 
8 9 0.0232694 
8 5 0.0296148 
9 5 0.0252956 
9 9 0.0297872 
8 8 0.023665 
9 6 0.0358958 
9 7 0.0306304 
7 9 0.0291421 
8 9 0.0202768 
8 7 0.0480678 
9 7 0.0219031 
9 9 0.0204394 
4 4 0.0177156 
9 1 0.0161434 
2 7 0.0239075 
2 0 0.0244522 
9 8 0.0150466 
9 9 0.0355492 
9 4 0.0212384 
9 8 0.0367845 
2 6 0.0169602 
8 3 0.0259744 
9 9 0.0392054 
9 4 0.0246601 
3 5 0.0176292 
8 9 0.0338306 
9 0 0.0361727 
4 0 0.01671 
9 9 0.0390169 
5 5 0.0124541 
9 2 0.0276486 
8 7 0.0316657 
9 9 0.0256394 
9 9 0.0346694 
7 4 0.0247202 
6 4 0.0122685 
9 9 0.0301836 
6 4 0.0183547 
8 9 0.0352332 
1 0 0.025724 
5 0 0.0316694 
3 6 0.0205332 
8 6 0.0395564 
9 9 0.0375989 
9 9 0.038033 
0 6 0.0278991 
7 5 0.0437943 
9 9 0.0451736 
9 7 0.025822 
8 9 0.0292319 
6 0 0.0245745 
8 5 0.0235094 
9 9 0.0359834 
9 7 0.0169534 
9 8 0.0294358 
6 5 0.0275778 
8 0 0.0223595 
9 8 0.0246295 
8 6 0.0167807 
9 7 0.0166093 
5 0 0.0209578 
7 9 0.0313759 
8 3 0.0186214 
4 0 0.0201622 
9 7 0.0351492 
9 6 0.0392234 
9 9 0.0420359 
8 8 0.0148995 
9 5 0.0175122 
9 4 0.027818 
8 8 0.0276053 
9 3 0.0216581 
9 8 0.0238285 
9 8 0.0189718 
9 2 0.0186083 
7 7 0.0338397 
9 6 0.019211 
8 0 0.0151224 
6 4 0.0142988 
8 8 0.021539 
4 5 0.0196579 
8 8 0.0157337 
9 6 0.0161327 
8 7 0.0187401 
8 7 0.0166835 
8 5 0.0163461 
9 7 0.0164083 
9 8 0.017051 
9 2 0.0136435 
9 8 0.0299183 
9 8 0.0161117 
8 7 0.030874 
9 5 0.0182765 
9 6 0.0228767 
9 7 0.0292787 
7 0 0.0229148 
7 4 0.0380292 
9 9 0.032362 
7 5 0.0400152 
9 2 0.0137366 
7 0 0.0265106 
5 4 0.0154092 
9 8 0.0222457 
6 5 0.016646 
9 9 0.0257994 
9 7 0.0248081 
9 8 0.0206783 
8 9 0.0211762 
9 7 0.0163057 
7 0 0.0175538 
8 7 0.0162951 
5 4 0.0144272 
9 6 0.0401018 
9 9 0.0184077 
8 6 0.0353758 
9 8 0.0190144 
9 8 0.0350963 
9 3 0.0238359 
8 5 0.020774 
8 0 0.0269886 
0 2 0.027201 
8 7 0.0265101 
9 5 0.0324241 
9 8 0.0314141 
3 0 0.0335906 
6 4 0.0186515 
6 5 0.0224882 
9 7 0.0259082 
9 7 0.0180855 
5 3 0.0210851 
5 4 0.0184174 
5 9 0.0164142 
5 2 0.185674 
5 7 0.0231512 
5 7 0.0191562 
1 7 0.0216292 
0 8 0.0530719 
5 0 0.173003 
0 7 0.0244778 
0 8 0.0244332 
5 6 0.0331096 
2 6 0.0215559 
5 6 0.0160623 
0 8 0.0423492 
4 5 0.0239272 
5 6 0.0245331 
4 5 0.0182823 
0 4 0.0234133 
5 7 0.0173246 
5 8 0.0223945 
4 6 0.0322642 
5 5 0.0201664 
4 5 0.0182316 
0 6 0.0209243 
5 7 0.0278399 
4 5 0.0113721 
0 8 0.0307589 
0 6 0.0286114 
4 5 0.0177202 
5 8 0.022434 
3 6 0.0207572 
5 4 0.0260389 
4 5 0.0177615 
5 8 0.0214131 
5 6 0.0181216 
5 1 0.232238 
1 4 0.0198661 
3 0 0.085285 
0 4 0.0267301 
2 7 0.0226195 
5 4 0.0218732 
4 6 0.0186912 
1 3 0.011694 
5 7 0.0210375 
5 6 0.0197866 
4 6 0.0220893 
5 6 0.0252022 
1 6 0.0219446 
3 6 0.0124489 
4 5 0.0229117 
5 4 0.0216663 
4 6 0.0210925 
0 8 0.041503 
0 8 0.0322244 
3 5 0.0210902 
3 5 0.0174534 
