3 hexa 20 20 bubble
0 0 0.251052 opel 
0 13 0.0215658 opel 
0 13 0.0211124 opel 
0 13 0.0322152 opel 
0 0 0.278802 opel 
0 13 0.0176381 opel 
0 13 0.0185144 opel 
0 13 0.0193065 opel 
0 13 0.0186857 opel 
0 13 0.0163995 opel 
1 13 0.0247895 bus 
0 13 0.0188995 opel 
0 0 0.209205 opel 
0 13 0.0211023 opel 
0 0 0.177117 opel 
0 13 0.0147941 opel 
0 13 0.0217702 opel 
1 13 0.0234038 bus 
0 13 0.0207262 opel 
0 13 0.0199585 opel 
0 13 0.020907 opel 
0 13 0.0254686 opel 
0 13 0.0209918 opel 
0 13 0.0164659 opel 
19 19 0.0964277 van 
0 0 0.242359 opel 
0 13 0.0213106 opel 
0 0 0.209215 opel 
0 0 0.177508 opel 
0 12 0.0230162 bus 
0 12 0.0270146 bus 
0 0 0.155421 opel 
0 0 0.26541 opel 
0 13 0.0274828 opel 
1 13 0.0189211 bus 
0 13 0.0156943 opel 
3 13 0.0195379 bus 
0 12 0.0179023 bus 
1 13 0.0227999 bus 
1 13 0.0229073 bus 
0 0 0.212094 opel 
2 13 0.0167551 opel 
0 13 0.0171962 opel 
0 0 0.298995 opel 
0 0 0.234771 opel 
0 13 0.0161055 opel 
0 13 0.0143686 opel 
4 14 0.0206987 bus 
0 0 0.145851 opel 
0 12 0.0213566 bus 
5 14 0.0207146 bus 
0 0 0.233467 opel 
0 12 0.0201755 bus 
0 12 0.0207214 bus 
2 13 0.0149011 opel 
1 13 0.0232062 bus 
0 0 0.131462 opel 
1 13 0.015914 bus 
0 2 0.0455091 opel 
0 0 0.139439 opel 
0 0 0.271302 opel 
0 0 0.106861 opel 
0 0 0.25269 opel 
3 12 0.0175511 bus 
0 13 0.0176153 opel 
0 12 0.0178647 bus 
0 0 0.127703 opel 
0 12 0.0221217 bus 
19 19 0.105449 van 
1 13 0.0130575 bus 
0 12 0.0171642 bus 
1 13 0.0191816 bus 
7 5 0.0353139 bus 
1 0 0.029655 saab 
12 10 0.0151148 bus 
19 5 0.0100661 opel 
1 0 0.0252921 saab 
2 5 0.0310252 saab 
7 6 0.0121965 
1 0 0.0299015 saab 
14 0 0.0232082 saab 
18 1 0.0149422 
3 5 0.0354606 opel 
3 19 0.0230801 van 
19 4 0.0190398 bus 
6 0 0.0187312 
8 10 0.0173906 van 
7 4 0.0272725 
1 4 0.0298116 saab 
12 4 0.0119174 
9 0 0.0125162 saab 
1 5 0.0305202 saab 
4 0 0.022017 saab 
0 2 0.0269677 opel 
4 5 0.0335217 bus 
9 8 0.0158582 
0 0 0.0250416 opel 
0 19 0.0319774 van 
6 19 0.0344364 saab 
7 0 0.0288688 saab 
9 0 0.0295196 saab 
10 3 0.0204846 
11 0 0.0312938 saab 
5 19 0.0379742 van 
18 9 0.0223245 opel 
3 0 0.0248941 saab 
14 0 0.0233584 saab 
10 0 0.0356415 opel 
9 19 0.0267667 bus 
12 5 0.0171778 
8 15 0.0217563 bus 
4 19 0.0341243 van 
2 2 0.0230067 saab 
9 0 0.0198779 saab 
10 19 0.0319156 opel 
17 0 0.018542 saab 
11 1 0.0179049 saab 
14 10 0.0125442 bus 
16 13 0.023979 opel 
19 4 0.0271373 bus 
19 0 0.0259478 saab 
8 3 0.0162485 
19 12 0.0209813 bus 
12 0 0.0355783 saab 
15 16 0.0220742 saab 
14 3 0.0185162 bus 
0 5 0.04797 opel 
9 0 0.024054 saab 
9 0 0.0416539 saab 
17 14 0.0210303 saab 
6 18 0.0223105 
19 6 0.0229603 saab 
15 5 0.0208809 bus 
3 19 0.0439707 van 
10 14 0.021614 bus 
15 10 0.0214965 
19 9 0.0312535 saab 
13 5 0.0251395 bus 
4 18 0.0303957 
13 19 0.0310276 saab 
5 19 0.0433472 van 
9 16 0.0330291 bus 
17 14 0.0319007 saab 
0 16 0.0286711 van 
0 18 0.0164274 opel 
0 19 0.0627751 van 
2 16 0.0247948 van 
2 14 0.0302082 
1 15 0.0314164 van 
0 17 0.0155456 van 
1 16 0.0232645 van 
0 19 0.0199074 van 
0 19 0.0241797 van 
1 14 0.0260192 
0 14 0.0285786 opel 
2 13 0.0235538 opel 
1 16 0.0211714 van 
3 13 0.0191254 bus 
2 17 0.0244844 van 
0 19 0.0558779 van 
3 14 0.0225285 
0 14 0.0175738 opel 
0 15 0.0185535 opel 
5 12 0.0137254 bus 
1 17 0.0171002 van 
0 12 0.0234034 bus 
0 19 0.016995 van 
8 19 0.0307997 opel 
4 15 0.0166246 saab 
3 16 0.0109932 van 
0 19 0.0447709 van 
2 14 0.0255453 
0 19 0.0466843 van 
3 16 0.0110081 van 
6 19 0.0200193 saab 
9 19 0.0282927 bus 
14 13 0.0228553 bus 
2 16 0.0194904 van 
1 13 0.0206484 bus 
4 9 0.0134092 van 
2 19 0.0132139 van 
13 18 0.0241138 bus 
15 12 0.0287917 
10 19 0.0137726 opel 
7 9 0.00924476 
6 11 0.0188844 van 
19 8 0.0214422 
5 13 0.0160588 bus 
3 3 0.020761 saab 
2 4 0.0134843 opel 
15 18 0.0157374 
0 19 0.0335256 van 
4 18 0.0130344 
7 7 0.0259754 
8 10 0.0150645 van 
19 6 0.0158477 saab 
5 19 0.0315961 van 
15 18 0.0131212 
19 10 0.0181595 saab 
4 19 0.0235163 van 
6 1 0.0142478 saab 
11 19 0.0227927 bus 
15 14 0.019601 
3 0 0.0241809 saab 
5 1 0.0209349 opel 
19 5 0.0186882 opel 
3 3 0.0190802 saab 
6 3 0.0163777 
7 4 0.0298454 
8 6 0.0323376 
7 5 0.0290384 bus 
3 5 0.0203968 opel 
1 4 0.0214644 saab 
18 12 0.0119239 
4 6 0.0238729 bus 
10 16 0.0269165 bus 
10 18 0.0148125 bus 
8 17 0.0145719 bus 
0 19 0.0354761 van 
5 15 0.0212486 bus 
7 13 0.0192948 bus 
19 19 0.106238 van 
11 13 0.0239993 bus 
5 15 0.0238997 bus 
8 11 0.0220392 
2 13 0.0217732 opel 
8 19 0.0141153 opel 
12 13 0.0234497 saab 
4 13 0.0266997 van 
7 10 0.025104 van 
3 19 0.0414836 van 
8 11 0.0275871 
0 12 0.0255928 bus 
6 16 0.020271 bus 
4 18 0.0249698 
3 19 0.03571 van 
4 17 0.031966 opel 
3 19 0.0308693 van 
4 18 0.0249857 
6 17 0.019836 
9 13 0.0186303 
3 19 0.0258363 van 
4 16 0.0236246 opel 
4 17 0.024486 opel 
4 19 0.023638 van 
6 15 0.025342 bus 
0 19 0.0492915 van 
7 11 0.0178914 van 
6 19 0.0299586 saab 
5 19 0.0163978 van 
13 14 0.0214954 saab 
12 14 0.0197364 bus 
9 12 0.0208662 
7 19 0.0248892 opel 
12 17 0.0282103 bus 
3 19 0.0299294 van 
0 19 0.0481355 van 
0 19 0.0389755 van 
4 16 0.0275893 opel 
12 15 0.0213989 
5 19 0.0380225 van 
0 19 0.0424573 van 
3 17 0.0288078 
8 13 0.0210043 
8 14 0.0304567 
4 19 0.0338398 van 
8 19 0.026575 opel 
1 19 0.0341118 opel 
12 19 0.0252988 saab 
6 16 0.0244828 bus 
2 19 0.0384868 van 
7 19 0.0320579 opel 
2 19 0.0405274 van 
0 19 0.0411827 van 
10 19 0.0335462 opel 
7 16 0.0242794 bus 
6 16 0.0323367 bus 
8 19 0.0286362 opel 
1 19 0.0454987 opel 
4 19 0.0370951 van 
6 19 0.0389707 saab 
3 18 0.0357734 van 
1 19 0.0353223 opel 
5 19 0.0361004 van 
4 19 0.0362966 van 
5 19 0.0337476 van 
5 19 0.0338427 van 
2 19 0.0449918 van 
4 17 0.0311692 opel 
3 19 0.0367647 van 
5 18 0.0354941 
4 18 0.0377731 
