3 hexa 15 15 bubble
2 8 0.0120408 bus 
6 4 0.0121325 van 
1 8 0.0139314 van 
5 4 0.0111369 bus 
7 14 0.0434987 bus 
7 11 0.0216685 bus 
2 9 0.0221282 van 
7 14 0.028735 bus 
2 11 0.0173316 bus 
5 13 0.0240139 bus 
3 8 0.0115298 bus 
8 14 0.0190022 opel 
3 5 0.0134537 van 
11 6 0.0192756 saab 
5 13 0.0279483 bus 
7 13 0.024111 opel 
7 6 0.017727 opel 
6 12 0.0188115 bus 
10 5 0.0298322 bus 
5 13 0.0193652 bus 
0 7 0.0174969 van 
4 4 0.0145258 bus 
5 7 0.0225014 bus 
8 10 0.0249543 bus 
8 10 0.0260265 bus 
4 14 0.0215307 opel 
1 9 0.00925047 van 
2 14 0.0265806 bus 
2 9 0.0112204 van 
4 5 0.0114156 van 
3 10 0.0172237 bus 
9 8 0.0222996 bus 
7 8 0.0236391 saab 
0 8 0.0110602 opel 
2 10 0.0143013 saab 
5 11 0.022901 bus 
4 6 0.0227944 bus 
4 14 0.021693 opel 
5 6 0.0131344 bus 
6 7 0.015882 bus 
0 9 0.00997651 saab 
9 7 0.0254131 bus 
10 5 0.0197884 bus 
0 14 0.0155761 bus 
2 14 0.013169 bus 
0 12 0.0207391 saab 
3 14 0.021995 saab 
3 5 0.0210099 van 
7 7 0.0187913 bus 
6 9 0.0193563 bus 
2 14 0.0169733 bus 
4 4 0.0139505 bus 
6 9 0.0155951 bus 
6 9 0.0193228 bus 
5 7 0.0155599 bus 
4 12 0.0183314 opel 
0 13 0.0239299 bus 
0 10 0.0181572 bus 
0 14 0.0194213 bus 
1 14 0.0261114 opel 
0 10 0.0125359 bus 
0 10 0.0229156 bus 
0 12 0.0254526 saab 
0 14 0.0115687 bus 
5 9 0.0200262 bus 
5 6 0.019987 bus 
0 12 0.0207552 saab 
6 9 0.0190876 bus 
5 8 0.0196468 van 
4 9 0.0183109 bus 
3 7 0.019421 opel 
0 10 0.0240839 bus 
4 7 0.0238822 bus 
3 0 0.0225551 van 
9 0 0.0236874 bus 
0 0 0.0551693 van 
0 0 0.030023 van 
0 0 0.0202489 van 
0 0 0.0329203 van 
3 0 0.0225145 van 
3 0 0.0186934 van 
0 0 0.0263186 van 
4 0 0.0206097 van 
7 1 0.0157309 bus 
1 1 0.0192223 van 
0 7 0.0341928 van 
0 0 0.0464941 van 
3 1 0.0173182 saab 
7 3 0.0244111 van 
2 1 0.0200455 opel 
5 3 0.0182626 saab 
3 0 0.0216184 van 
3 0 0.0125811 van 
8 4 0.0138012 opel 
0 9 0.0353189 saab 
5 0 0.0219245 saab 
3 3 0.0173963 van 
0 1 0.0149853 opel 
3 1 0.018578 saab 
8 4 0.0314795 opel 
2 12 0.0239166 opel 
0 5 0.0275635 van 
0 2 0.0183092 van 
1 10 0.0336129 opel 
13 9 0.0369599 opel 
0 5 0.0251216 van 
2 12 0.0242783 opel 
4 11 0.024585 opel 
7 4 0.0171461 opel 
9 5 0.0216525 opel 
14 7 0.0197313 opel 
11 10 0.0233045 opel 
13 9 0.0420404 opel 
5 1 0.033277 opel 
0 9 0.0228008 saab 
6 3 0.0170291 saab 
10 3 0.0191332 saab 
14 8 0.0347902 opel 
5 14 0.0204662 opel 
13 9 0.0360377 opel 
13 7 0.0316522 opel 
14 8 0.0136936 opel 
10 10 0.0248998 saab 
14 8 0.0425508 opel 
13 9 0.030581 opel 
14 9 0.0251175 opel 
0 7 0.0185655 van 
10 6 0.021024 opel 
14 7 0.0270026 opel 
0 2 0.026894 van 
11 7 0.0246197 saab 
7 13 0.0259753 opel 
13 9 0.0208676 opel 
13 9 0.018356 opel 
13 12 0.02625 opel 
4 12 0.0307397 opel 
9 13 0.0255565 opel 
11 14 0.0452054 opel 
14 8 0.0222641 opel 
12 9 0.0183309 opel 
14 9 0.0366702 opel 
12 11 0.0295262 opel 
14 9 0.0178704 opel 
11 13 0.0163646 saab 
11 7 0.0155731 saab 
12 11 0.0196546 opel 
11 11 0.0210881 saab 
4 4 0.0188802 bus 
11 6 0.0276437 saab 
13 9 0.0376141 opel 
12 14 0.0301806 opel 
0 2 0.0328649 van 
13 9 0.0354125 opel 
10 14 0.0150792 saab 
11 14 0.0251207 opel 
8 8 0.0262899 saab 
11 11 0.0281762 saab 
11 10 0.0250047 opel 
10 14 0.0151566 saab 
11 6 0.0165979 saab 
5 13 0.0283706 bus 
0 9 0.0214928 saab 
10 14 0.016233 saab 
12 14 0.022781 opel 
0 14 0.0196387 bus 
8 14 0.0206581 opel 
11 12 0.0230542 saab 
11 13 0.0162703 saab 
12 12 0.0190882 saab 
6 14 0.014444 saab 
0 12 0.0163735 saab 
3 14 0.0163138 saab 
10 10 0.0230357 saab 
13 10 0.0328966 saab 
0 6 0.0292945 van 
2 14 0.0150385 bus 
9 13 0.0194222 opel 
1 3 0.0261071 van 
9 14 0.0165989 opel 
3 4 0.0132804 van 
2 14 0.0159659 bus 
5 14 0.0266289 opel 
11 11 0.0345806 saab 
9 12 0.0253497 saab 
10 11 0.0186548 saab 
12 12 0.0284255 saab 
9 9 0.0201472 saab 
10 10 0.0182131 saab 
6 14 0.0157317 saab 
4 13 0.0174125 saab 
0 9 0.0212574 saab 
11 9 0.0266235 saab 
6 13 0.0298324 saab 
9 9 0.0227488 saab 
11 13 0.0373964 saab 
0 4 0.0218119 van 
5 8 0.0172924 van 
11 14 0.0229254 opel 
7 8 0.0144703 saab 
0 6 0.029733 van 
10 14 0.0248606 saab 
7 7 0.0180469 bus 
7 11 0.01993 bus 
9 14 0.0272259 opel 
5 14 0.0240305 opel 
0 12 0.0274509 saab 
9 12 0.0306375 saab 
0 12 0.025256 saab 
3 9 0.0216756 saab 
3 4 0.0235628 van 
7 9 0.0184072 saab 
6 10 0.0218812 saab 
3 14 0.0193396 saab 
0 10 0.0229321 bus 
7 14 0.0266999 bus 
3 0 0.0226157 van 
3 0 0.021994 van 
0 0 0.0223661 van 
0 0 0.0394658 van 
4 0 0.0232198 van 
3 0 0.0164044 van 
0 0 0.0309981 van 
0 0 0.0327629 van 
0 0 0.0355485 van 
4 0 0.0240334 van 
3 0 0.0229289 van 
0 0 0.0395885 van 
3 0 0.0280439 van 
2 0 0.0278687 van 
0 0 0.0403019 van 
3 0 0.0231764 van 
0 0 0.0269855 van 
4 0 0.0158887 van 
0 0 0.033201 van 
3 0 0.025854 van 
0 0 0.0359797 van 
1 1 0.022555 van 
4 0 0.0190684 van 
0 0 0.022387 van 
3 1 0.0207983 saab 
5 0 0.021626 saab 
3 0 0.0270271 van 
0 0 0.0310015 van 
2 1 0.021008 opel 
2 0 0.0124441 van 
4 2 0.0214418 van 
2 2 0.0209365 van 
2 3 0.023105 van 
0 0 0.0221253 van 
0 0 0.0265906 van 
1 1 0.0226457 van 
0 0 0.0406224 van 
0 2 0.0242221 van 
0 0 0.0229864 van 
12 0 0.0206984 van 
12 0 0.0151958 van 
14 0 0.0110659 van 
12 0 0.0123541 van 
13 0 0.0227925 van 
3 3 0.0222967 van 
12 0 0.0166011 van 
3 0 0.0233287 van 
13 0 0.0111576 van 
12 0 0.0146569 van 
14 0 0.0070612 van 
14 0 0.0137934 van 
13 0 0.0153886 van 
5 8 0.0900283 van 
14 0 0.0155684 van 
13 0 0.0173159 van 
13 0 0.0109519 van 
0 4 0.0208152 van 
13 0 0.0205843 van 
13 0 0.0152541 van 
12 0 0.0162207 van 
12 0 0.016129 van 
13 0 0.0184329 van 
14 0 0.00995594 van 
0 5 0.0230258 van 
13 0 0.0157764 van 
13 0 0.0193321 van 
