3 hexa 10 10 bubble
9 0 0.276605 opel 
3 0 0.0265561 bus 
3 0 0.0256895 bus 
3 0 0.0371134 bus 
9 0 0.304726 opel 
3 0 0.0226117 bus 
3 0 0.0230024 bus 
3 0 0.0245686 bus 
3 0 0.0208149 bus 
3 0 0.0205351 bus 
3 0 0.0287194 bus 
3 0 0.0236281 bus 
9 0 0.234965 opel 
3 0 0.0256226 bus 
9 0 0.201839 opel 
3 0 0.0193027 bus 
3 0 0.0275679 bus 
3 0 0.0260686 bus 
3 0 0.0258174 bus 
3 0 0.0247126 bus 
3 0 0.0266819 bus 
3 0 0.0312139 bus 
3 0 0.0267298 bus 
3 0 0.0216616 bus 
2 7 0.114474 bus 
9 0 0.267712 opel 
3 0 0.0267269 bus 
9 0 0.235583 opel 
9 0 0.202191 opel 
3 0 0.0292606 bus 
3 0 0.0331256 bus 
9 0 0.179952 opel 
9 0 0.291366 opel 
3 0 0.0338441 bus 
3 0 0.0231316 bus 
3 0 0.0197866 bus 
3 0 0.0217487 bus 
3 0 0.0224737 bus 
3 0 0.0257891 bus 
3 0 0.0265752 bus 
9 0 0.237691 opel 
3 1 0.0198842 bus 
3 0 0.0226905 bus 
9 0 0.325068 opel 
9 0 0.260872 opel 
3 0 0.0209651 bus 
3 0 0.0188451 bus 
3 0 0.0216079 bus 
9 0 0.171593 opel 
3 0 0.0263561 bus 
3 0 0.0260546 bus 
9 0 0.259482 opel 
3 1 0.0262754 bus 
3 0 0.0272628 bus 
3 0 0.0188016 bus 
3 0 0.0272756 bus 
9 0 0.156707 opel 
3 0 0.0166404 bus 
9 0 0.0572766 opel 
9 0 0.164856 opel 
9 0 0.297535 opel 
9 0 0.129321 opel 
9 0 0.278287 opel 
3 1 0.0184972 bus 
3 0 0.0230236 bus 
3 0 0.0241562 bus 
9 0 0.150848 opel 
3 1 0.0307601 bus 
1 9 0.135143 bus 
3 0 0.0164561 bus 
3 1 0.0227397 bus 
3 0 0.0195946 bus 
7 4 0.0464585 saab 
9 0 0.0446711 opel 
4 6 0.0213164 bus 
6 9 0.0183062 saab 
9 0 0.0386659 opel 
9 3 0.0282518 saab 
6 3 0.0128756 saab 
9 0 0.0414455 opel 
8 7 0.0267728 
8 9 0.0232135 saab 
7 0 0.0359599 saab 
0 0 0.0281467 van 
6 9 0.0244542 saab 
9 3 0.023705 saab 
4 4 0.019937 van 
8 4 0.0334907 opel 
8 0 0.0354336 opel 
7 6 0.0145111 bus 
9 5 0.0139931 opel 
8 2 0.0319365 saab 
9 2 0.0269939 opel 
9 0 0.0391703 opel 
7 2 0.0328677 opel 
5 5 0.0181284 saab 
9 0 0.0391401 opel 
0 0 0.0445551 van 
0 4 0.0381392 opel 
8 3 0.035155 saab 
9 5 0.0318928 opel 
7 5 0.0195589 bus 
9 5 0.037702 opel 
0 3 0.0442479 saab 
4 9 0.0324256 saab 
9 1 0.0345086 saab 
9 7 0.0263944 bus 
9 5 0.0411364 opel 
0 4 0.0327923 opel 
6 5 0.019706 saab 
1 5 0.0211029 bus 
0 2 0.0380216 van 
9 1 0.023512 saab 
9 5 0.0257994 opel 
0 6 0.0371305 bus 
9 9 0.0205986 saab 
9 6 0.0191834 saab 
4 7 0.0170611 bus 
2 9 0.0350105 bus 
7 9 0.0346966 bus 
8 9 0.0326908 saab 
8 5 0.0172533 saab 
3 9 0.0335598 bus 
9 7 0.0389475 bus 
0 9 0.0285277 saab 
7 7 0.019256 bus 
7 1 0.0493337 opel 
9 5 0.0279834 opel 
9 4 0.045694 saab 
2 9 0.0291642 bus 
0 3 0.0250887 saab 
6 9 0.0326486 saab 
6 7 0.0198916 bus 
0 0 0.0485887 van 
2 5 0.0223543 bus 
4 7 0.0249299 bus 
5 9 0.043092 bus 
6 5 0.0298918 saab 
0 2 0.0334485 van 
0 8 0.0378602 bus 
0 2 0.0503455 van 
0 5 0.032415 bus 
2 9 0.041629 bus 
1 0 0.0316765 van 
0 0 0.0279817 van 
0 0 0.0837666 van 
0 1 0.0239089 
2 2 0.0298944 opel 
2 0 0.0324516 van 
0 0 0.0220104 van 
0 1 0.023464 
0 0 0.0361646 van 
0 0 0.0437867 van 
2 1 0.0291778 bus 
2 0 0.0309145 van 
3 0 0.0245591 bus 
1 0 0.0237994 van 
2 3 0.0198875 bus 
0 1 0.0242075 
0 0 0.0762467 van 
3 0 0.0230429 bus 
2 0 0.0167331 van 
1 0 0.0200997 van 
3 1 0.0148326 bus 
0 0 0.0167524 van 
3 2 0.0257008 bus 
0 0 0.0289283 van 
0 4 0.0300267 opel 
1 3 0.0181297 bus 
1 0 0.0147061 van 
0 0 0.0647225 van 
0 4 0.0239732 opel 
0 0 0.0669544 van 
1 2 0.0104725 van 
0 3 0.0199011 saab 
0 5 0.0311406 bus 
3 7 0.0246513 
1 0 0.0203452 van 
3 0 0.0203932 bus 
4 3 0.0150734 van 
0 0 0.0193241 van 
0 7 0.027107 bus 
3 7 0.0307746 
0 5 0.0154932 bus 
5 4 0.00962107 
3 3 0.0168152 bus 
5 9 0.0290439 bus 
2 3 0.0157323 bus 
9 2 0.020407 opel 
8 0 0.0177769 opel 
0 9 0.020807 saab 
0 0 0.0489877 van 
0 1 0.0160404 
6 4 0.0318122 opel 
4 3 0.0149055 van 
6 9 0.0239078 saab 
0 3 0.0349935 saab 
0 9 0.0132541 saab 
4 9 0.0217325 saab 
0 2 0.0267341 van 
8 3 0.0200957 saab 
0 6 0.0273432 bus 
2 8 0.0244418 bus 
9 1 0.0336468 saab 
9 3 0.0256598 saab 
6 9 0.027372 saab 
7 1 0.0178743 opel 
9 4 0.0207152 saab 
8 4 0.0387464 opel 
6 5 0.0423403 saab 
7 4 0.0402902 saab 
7 0 0.0230888 saab 
8 0 0.0276541 opel 
3 9 0.020839 bus 
8 5 0.0261132 saab 
2 4 0.0232489 bus 
0 6 0.0146592 bus 
1 4 0.016305 bus 
0 0 0.0496706 van 
1 3 0.0268991 bus 
3 4 0.0218417 bus 
1 7 0.131991 saab 
3 5 0.021036 bus 
1 3 0.029749 bus 
3 5 0.0244788 bus 
2 3 0.0205922 bus 
0 4 0.0186513 opel 
3 6 0.0228204 bus 
3 2 0.0307698 bus 
4 4 0.0239157 van 
0 0 0.0463721 van 
4 4 0.0310267 van 
2 3 0.0243645 bus 
1 3 0.0249025 bus 
0 2 0.0269689 van 
0 2 0.0418195 van 
1 2 0.0346854 van 
0 0 0.0362706 van 
0 2 0.0268954 van 
0 4 0.0221157 opel 
2 5 0.0205364 bus 
0 1 0.0300051 
0 3 0.0281814 saab 
0 3 0.0278605 saab 
0 2 0.0288681 van 
1 4 0.0305295 bus 
0 0 0.0665917 van 
3 5 0.0191754 bus 
0 4 0.0346261 opel 
0 2 0.0227667 van 
2 7 0.0220387 bus 
2 6 0.0201894 bus 
3 5 0.0240477 bus 
0 4 0.0277532 opel 
0 7 0.0279083 bus 
0 0 0.0358635 van 
0 0 0.0650462 van 
0 0 0.0499503 van 
0 3 0.0310678 saab 
0 7 0.0210809 bus 
0 3 0.0453937 saab 
0 0 0.0581125 van 
0 1 0.030758 
2 5 0.0237233 bus 
2 4 0.0298655 bus 
0 2 0.0395761 van 
0 5 0.0299568 bus 
0 0 0.0409678 van 
0 6 0.025072 bus 
1 4 0.0266562 bus 
0 0 0.0437684 van 
0 4 0.0351794 opel 
0 0 0.0467976 van 
0 0 0.0528128 van 
0 6 0.0351235 bus 
1 4 0.0252915 bus 
1 3 0.036191 bus 
0 5 0.0319866 bus 
0 0 0.0549476 van 
0 2 0.0425911 van 
0 4 0.0438061 opel 
0 0 0.038835 van 
0 0 0.0422821 van 
0 4 0.0423285 opel 
0 2 0.0419356 van 
0 2 0.0421913 van 
0 3 0.0409139 saab 
0 0 0.0495171 van 
0 3 0.0349747 saab 
0 0 0.0394743 van 
0 3 0.0383502 saab 
0 2 0.0404988 van 
