3 hexa 10 10 bubble
2 3 0.0108924 
3 5 0.0129808 
1 2 0.0141451 
3 5 0.0177026 
9 2 0.0482891 
8 3 0.0197786 
2 1 0.021216 
9 2 0.0333029 
4 0 0.0151201 
9 0 0.0238901 
3 2 0.0136273 
9 3 0.0258081 
2 5 0.0179948 
7 5 0.022199 
9 0 0.0299279 
8 3 0.0201401 
5 4 0.023042 
8 1 0.0187428 
6 5 0.0327127 
9 0 0.020017 
0 3 0.0173864 
2 5 0.0191446 
4 3 0.0308215 
8 3 0.0282047 
7 6 0.0277744 
7 0 0.0285407 
1 0 0.00769787 
6 0 0.029472 
2 1 0.0105013 
3 4 0.0151812 
4 0 0.0173206 
7 4 0.0238869 
5 3 0.0342356 
0 0 0.011073 
3 0 0.0119288 
7 0 0.026462 
3 4 0.0293462 
8 0 0.0272342 
4 4 0.0205755 
5 4 0.023942 
1 0 0.00908831 
7 4 0.028118 
6 5 0.0151641 
5 0 0.0214641 
6 0 0.0212635 
3 0 0.0264532 
6 0 0.0275316 
2 4 0.0278614 
5 3 0.0230565 
6 4 0.0281826 
6 0 0.0261586 
2 5 0.0162078 
6 4 0.0256319 
6 2 0.0240791 
4 3 0.0179443 
7 0 0.01532 
4 0 0.0308125 
2 0 0.0199391 
5 0 0.0287705 
5 0 0.0357283 
2 0 0.0162993 
2 0 0.0256651 
4 0 0.0366395 
5 0 0.0207371 
5 3 0.0208443 
4 4 0.0249631 
3 0 0.0244862 
6 4 0.0244497 
4 3 0.02589 
5 2 0.0249463 
2 3 0.0193483 
2 0 0.0306014 
3 3 0.0249309 
1 9 0.0215695 
4 9 0.0250297 
0 8 0.0673399 
0 9 0.0334545 
0 9 0.0260297 
0 9 0.0440615 
1 9 0.021476 
1 9 0.0175926 
0 8 0.0357904 
2 8 0.021126 
4 8 0.0171638 
0 9 0.0193389 
0 2 0.035672 
0 8 0.0584154 
2 8 0.0173053 
4 7 0.0263772 
1 8 0.0182994 
3 6 0.018487 
1 8 0.0213344 
1 9 0.0125308 
4 5 0.0167719 
1 0 0.0386065 
2 7 0.0233063 
2 6 0.0185595 
0 8 0.0176143 
2 8 0.0188112 
5 6 0.0327522 
5 0 0.0260551 
0 4 0.0279045 
0 8 0.0190621 
2 0 0.0370037 
8 8 0.0370079 
0 4 0.0259934 
5 0 0.028621 
6 0 0.0243078 
3 5 0.0185664 
6 6 0.0229731 
9 6 0.0275888 
9 5 0.0253468 
8 9 0.0402514 
3 8 0.0343157 
1 0 0.0257617 
4 6 0.0183764 
5 5 0.0231333 
8 7 0.0393453 
9 0 0.0246131 
8 9 0.0348848 
9 6 0.0476811 
8 8 0.0158988 
8 5 0.0243357 
8 8 0.0329547 
8 9 0.0313888 
8 9 0.0239599 
0 2 0.0192925 
7 4 0.0314837 
8 8 0.0227061 
0 8 0.030177 
9 4 0.0235259 
8 3 0.0272497 
8 9 0.0244559 
8 7 0.0216892 
9 9 0.032161 
6 1 0.0334772 
9 5 0.0252736 
8 8 0.0359508 
8 8 0.0176805 
9 6 0.0244366 
9 8 0.0444624 
9 9 0.0326248 
8 9 0.0137643 
9 7 0.016051 
8 5 0.0309109 
9 8 0.0194457 
9 7 0.0246832 
2 5 0.0205683 
7 5 0.0335185 
9 7 0.0381856 
9 9 0.0359961 
0 8 0.0393704 
9 7 0.0402342 
9 6 0.0270037 
8 7 0.0289277 
6 5 0.0311538 
9 7 0.0336584 
9 6 0.0252346 
9 6 0.0264112 
7 5 0.0195062 
8 1 0.0300704 
1 0 0.0247022 
9 6 0.0211222 
9 8 0.0298699 
5 0 0.0258563 
9 3 0.0293953 
9 6 0.0272156 
9 8 0.0249628 
9 8 0.0245504 
9 1 0.0177481 
3 0 0.0300323 
7 0 0.0222468 
9 5 0.0197068 
9 7 0.0358725 
0 3 0.0361185 
6 0 0.0259625 
9 5 0.0283987 
0 6 0.0260115 
8 5 0.0302628 
1 4 0.0150892 
6 0 0.0237495 
7 1 0.0265486 
8 7 0.0396135 
9 4 0.0286975 
9 5 0.0251718 
9 8 0.0342979 
7 5 0.0223995 
9 4 0.0179646 
8 1 0.0154148 
8 0 0.0181148 
1 0 0.0261922 
9 6 0.029693 
9 2 0.0322936 
8 4 0.0206571 
9 7 0.0387048 
0 5 0.0294924 
4 3 0.0167645 
8 7 0.0315491 
6 2 0.0208619 
0 2 0.0362719 
9 5 0.0408417 
5 3 0.0180273 
8 3 0.0214443 
9 4 0.03995 
9 0 0.0264926 
3 0 0.0364299 
9 4 0.0298911 
4 0 0.0384326 
4 2 0.0202296 
2 5 0.0257597 
6 5 0.0224907 
6 3 0.0237293 
7 0 0.0270083 
2 0 0.0305868 
9 2 0.0302955 
1 9 0.0219837 
1 9 0.0201387 
0 9 0.0315562 
0 9 0.0504461 
2 8 0.0226818 
1 9 0.017677 
0 9 0.0395941 
0 8 0.0445301 
0 9 0.0470813 
2 9 0.0250838 
1 9 0.0226216 
0 9 0.049142 
1 9 0.0275774 
1 9 0.027802 
0 9 0.0511668 
1 9 0.0233644 
0 9 0.0337706 
2 9 0.0166894 
0 8 0.0450638 
1 9 0.0252187 
0 8 0.0478682 
0 8 0.0223766 
2 9 0.0178314 
0 9 0.0320102 
2 8 0.0207101 
2 9 0.0201675 
1 9 0.0269385 
0 8 0.04059 
1 8 0.0227531 
0 9 0.0125812 
2 9 0.0247573 
0 6 0.0205339 
0 5 0.0233715 
0 8 0.0253788 
0 8 0.038683 
0 7 0.0233394 
0 8 0.0525681 
0 8 0.0267435 
0 8 0.0347084 
5 8 0.0279786 
5 8 0.0208846 
5 9 0.0130012 
5 8 0.0182817 
5 8 0.0302862 
2 6 0.0240038 
5 8 0.0251991 
1 9 0.0232685 
5 7 0.0203377 
5 8 0.021259 
5 7 0.0151605 
5 9 0.0205206 
5 9 0.0238081 
4 2 0.0969481 
5 7 0.0242607 
5 9 0.0193005 
5 9 0.0190842 
0 6 0.0224579 
5 6 0.0233154 
5 7 0.0189433 
5 8 0.0186082 
5 8 0.0191404 
5 9 0.0224043 
5 7 0.0173899 
0 4 0.0229738 
5 9 0.0200743 
5 6 0.0169083 
